0.003464456
-0.03564815
0.018139958
-0.008139
-0.0038181972
0.007510411
0.03974036
-0.017199457
-0.000849411
0.010417086
0.04027759
-0.005510797
-0.0038785972
-0.027486226
0.015250594
0.008826611
-0.019384665
-0.011864759
0.003956313
-0.0068004164
0.033743385
-0.031068806
0.012749594
-0.013760002
-0.021276182
-0.04257343
0.021055622
0.028359756
-0.01881298
0.0054744766
-0.02508214
0.0037925316
-0.027435776
0.026336912
0.023668157
0.020432483
0.07584039
0.041702174
-0.020556977
-0.017597659
-0.08000892
-0.058005273
0.03765632
0.008087041
-0.047489002
-0.006742306
-0.0062549817
-0.011894799
0.04422542
0.024948424
-0.0009335105
0.0238884
-0.024882076
-0.031950712
0.019275896
-0.011608338
0.03692822
-0.05394589
-0.027832014
0.00799333
-0.026087081
0.046546724
0.01661962
-0.011478257
-0.033355862
0.03358399
0.045128204
-0.053973258
0.009125179
-0.014213844
-0.040808674
-0.027374106
1.656247e-05
0.02386967
0.023892548
-0.02789588
-0.0517737
0.045178887
-0.0015864456
0.05473622
0.004333757
0.014940035
-0.03365654
-0.04482733
-0.019216795
-0.030964747
0.0363679
0.00052035565
0.009324053
-0.018797426
-0.039883416
0.03686264
0.009055041
-0.015221586
0.026871724
-0.013055556
-0.0077995537
-0.020198382
-0.051658228
0.0012537173
0.045701224
-0.0042145923
-0.012557109
0.0013893947
0.06247733
0.025721062
0.041063745
-0.00067499105
0.06797775
-0.005552619
-0.034285158
0.023326633
0.03576878
-0.0058831736
-0.006480263
0.042163327
0.010514818
0.025435185
0.007338361
0.017562969
0.015949931
-0.0006934659
0.029032936
-0.0050485465
0.07376799
0.021159729
-0.08120229
0.0144691225
-0.08067572
-0.009134476
-0.05269712
0.03974582
0.004072853
0.027580664
-0.05400191
-0.017369106
0.041701373
-0.0021298025
-0.012022245
0.01864138
-0.028504694
0.0039142836
0.0056162183
-0.020939441
-0.02463437
-0.04390339
-0.040906474
-0.012755541
0.02525272
-0.010916945
-0.025180684
0.0132860085
0.024464807
0.0039475546
-0.021362897
-0.02966075
0.022175232
-0.030058712
0.0009892478
0.016315322
-0.02765532
-0.024341397
-0.04961277
0.008280956
0.023232708
0.005179841
0.048042133
-0.00027443588
-0.005613615
-0.06632634
0.005044812
0.03696918
0.006244898
0.006565854
0.02342818
-0.04918211
-0.020026796
0.025253799
-0.021616902
0.009805672
-0.05770696
0.021270288
0.010569584
0.037364807
-0.009002772
-0.029501006
-0.059244517
0.02576234
0.0121344
0.007722628
0.009822175
0.026154984
-0.019577283
0.0042870822
0.0125731155
0.053595483
0.029409193
-0.040329378
-0.050546166
0.012502301
0.026909566
0.035261277
-0.0034244882
0.038196806
-0.007948214
-0.018793782
-0.0024994574
-0.025310004
0.014315787
-0.07682313
-0.0033407125
0.00027966202
0.022184543
-0.014049897
-0.014745219
0.027544016
0.05023195
0.0592257
0.04188145
-0.03396338
-0.04145704
0.0024189167
-0.012757467
-0.034306448
0.010878767
0.027159883
0.021575958
-0.008645415
0.0153719885
0.016121233
0.034255806
-0.006924245
0.020338891
-0.010001259
-0.06742145
0.016491592
0.0175001
-0.04612649
0.027772073
0.021087077
0.04974929
-0.027016986
-0.017018033
-0.014809064
-0.025061274
0.0463501
-0.01645002
-0.0682627
-0.019965649
0.028496774
0.0028087266
0.017955832
0.03741411
-0.032634806
-0.023141563
0.0042266054
-0.001623095
0.0051921285
0.018748317
-0.022917017
-0.0071721063
-0.024268962
-0.01209301
-0.014673214
-0.027055569
0.030901806
-0.0048341653
0.012634646
-0.0007465841
-0.02333028
0.0082649775
-0.023597112
-0.030625068
0.0044720164
-0.01317372
-0.06695687
0.019950196
0.0216252
0.0028810978
-0.0015860028
0.030168924
0.014271419
0.018673034
-0.03711146
-0.010858208
-0.05170045
0.011623418
0.026415601
-0.028055683
-0.048292544
0.026073944
-0.014309019
0.036709324
0.004195096
-0.009104011
-0.017095562
0.018531369
0.011122902
0.005541825
-0.01258187
-0.008607629
0.016353738
0.020546254
-0.023086714
-0.04157119
0.054159444
0.03288131
-0.022879608
0.0051493123
-0.009893494
-0.0015013261
-0.011467185
0.018299542
0.036076304
-0.02204326
4.9261496e-05
-0.03058968
-0.033939175
0.01457324
-0.030323831
-0.027262617
0.0027390702
0.071333535
-0.021621725
0.0073149432
0.012060217
0.028226463
0.008898283
0.041529026
-0.036820002
0.06310562
-0.034159556
0.019840157
0.040587027
-0.009314906
0.064000554
-0.017060993
-0.036877163
-0.028586257
-0.03683951
-0.029921355
0.043512434
0.0073896796
-0.05461662
0.023446808
-0.009675825
0.011121224
-0.012534758
0.023163151
0.011485674
-0.06067713
-0.020963678
-0.05079749
0.015242303
-0.06390663
-0.054063626
-0.026843686
-0.035111997
0.029514097
0.047750022
0.03419683
0.030200468
0.03720992
-0.0039463122
-0.021591403
0.023411
-0.033098307
0.025874717
-0.027334675
0.0038095016
0.03762132
0.04291077
-0.005008002
0.02970885
-0.009586256
-0.054457907
-0.05397967
0.03609549
-0.02316898
-0.009567802
-0.0031745215
-0.03315236
0.07258821
-0.02058523
0.021127826
0.011609754
0.062658526
-0.002567353
-0.0461719
0.014568092
-0.021366172
-0.04144678
0.009133922
0.008935771
0.038158186
-0.025210172
0.025583742
-0.0074063544
-0.0039647864
-0.06508044
0.024701357
-0.022582568
0.04066146
-0.0051276004
0.006313956
0.001679843
-0.022090655
0.009203833
-0.0059988657
-0.0035761455
-0.01106101
0.02424153
0.0001321827
0.056069277
0.037318286
0.0062902905
-0.038231976
-0.026109736
0.01898596
-0.020238515
-0.031854775
-0.015285872
-0.02489323
-0.0028364216
-0.0002932273
-0.04776486
0.021271013
0.036349967
-0.0012555514
0.037329372
0.030322388
-0.011771974
0.03696026
-0.0774191
-0.00022886442
-0.00788386
0.03149456
-0.012583053
0.016519496
0.0046922634
-0.0014276674
0.0015609891
-0.04202432
-0.002357561
0.019194068
-0.014846752
0.009628454
0.0074770134
0.002465809
-0.026889969
-0.016588522
-0.031179046
-0.025376258
0.00010626583
-0.019803772
0.02539102
-0.039355192
0.029257057
0.0030442353
-0.012049804
0.028348114
0.0032971536
0.0448087
0.07245015
0.036189128
0.027197786
0.025976067
0.02465046
-0.03613048
-0.024591053
-0.039837733
0.032319494
0.03604924
-0.005691396
0.084300466
-0.011712369
0.03337176
-0.014208814
0.022312481
0.006847933
0.018832276
0.03484659
-0.030867158
-0.046656497
-0.022616616
0.038457498
0.032824364
-0.0014610763
0.0018558358
0.012858324
0.012765635
-0.01748445
-0.008378223
-0.045242812
-0.02030306
0.037412714
-0.010325819
-0.0059319627
0.0055582356
0.005712179
-0.06198684
-0.015537242
0.015478803
0.040885888
-0.021890588
-0.011280801
0.008559147
0.020145694
0.018773716
-0.00041241277
-0.047639765
0.012606477
-0.0020675042
-0.012598102
-0.012977494
-0.034238297
0.01873656
0.04683534
-0.023365293
-0.04317596
0.0040536183
-0.016052242
-0.010333992
0.021923445
-0.0074651637
-0.017091386
-0.06771996
0.011108386
0.003313488
0.040021818
0.03613826
0.0190848
-0.041868806
0.040072218
-0.014129338
0.019442465
0.00040059802
-0.024452984
0.04130671
-0.031302337
0.033527818
-0.010143577
0.018973913
-0.012231219
-0.049034305
0.036096502
-0.044154093
-0.028342059
-0.01331654
0.0043993904
-0.0014041974
0.012029947
0.00473773
0.016194314
0.076712415
0.0047218422
0.041009422
-0.07272135
-0.04816805
0.021910734
-0.026180282
0.02816782
0.006275884
-0.010789406
-0.05791048
-0.026033942
-0.048388474
-0.014696231
0.024621207
0.06503058
-0.01889086
-0.028196312
0.00035123384
-0.056070764
0.008762111
-0.011606169
-0.035174143
0.08319138
0.016687954
-0.033270482
0.010384781
0.012141416
-0.033742044
-0.027880607
-0.0056254547
-0.015914412
0.04596981
0.013845442
-0.0037684133
0.0063598775
-0.0331924
-0.052454248
-0.015309686
-0.032499894
0.013038592
0.0024849905
-0.0052710297
0.017066067
-0.0063018925
-0.043747038
-0.0025508325
0.043245412
0.048010204
0.005322612
-0.04657228
0.011125877
0.025078889
-0.0406153
-0.03899596
-0.08192679
0.06655456
0.008106661
-0.011307847
-0.040730838
0.04839745
0.020577943
0.05365561
-0.016666925
-0.06145071
0.019176895
0.0028383152
0.0529813
0.05213062
-0.049155038
0.016879674
0.02995257
-0.021656165
0.012170131
-0.028627504
-0.023135027
-0.0032497284
0.040788922
0.00066280784
-0.0039244443
0.050512213
0.04817001
-0.038043838
0.028761636
-0.0028719183
-0.034926306
0.014315493
0.010952444
-0.010199682
0.0024022784
-0.04409468
0.036846746
-0.04242729
-0.03174008
-0.032404218
-0.018671336
-0.062996686
-0.024013102
-0.04547319
-0.0190185
0.02270716
0.035121564
0.009266487
-0.023074232
0.03482815
0.0024492287
-0.022019366
-0.016019901
0.05232529
0.031143032
0.008333535
0.008128756
0.06730851
0.009164979
0.070985205
0.018848998
-0.046229225
0.0045130737
0.03401193
0.020605184
0.0835875
0.004163962
-0.029896505
-0.046015356
-0.028538562
-0.005688895
-0.0003772924
0.008634611
0.03195385
0.01725229
0.0239272
0.014711833
0.028160742
-0.035354484
-0.03336774
0.034701947
-0.00018634113
-0.022810794
-0.025807604
0.029126348
-0.006741248
-0.005097988
0.033238046
0.021005958
-0.03264135
0.00725418
-0.021954339
0.06890358
-0.02520979
0.04235412
0.0009771114
-0.012657013
-0.06653198
0.02207305
0.03256811
-0.011710612
0.04907366
0.047280174
0.029459117
-0.025324516
0.015000073
0.016967138
0.027133597
0.06341985
-0.0129305525
-0.020041468
0.043696668
-0.020968392
-0.064225025
-0.044549953
0.021042196
0.036225647
0.022600248
-0.028547093
-0.026660416
0.017219538
-0.027718237
-0.033902526
-0.033319198
-0.010711987
-0.029092198
0.00786076
7.466276e-05
0.034443498
0.006497878
-0.018821383
0.008232413
0.034949526
0.0027014813
-0.030517176
0.018204855
-0.028489636
0.016527137
0.0141065
0.043879244
0.020555915
0.0007881192
-0.03021577
-0.039354272
-0.030363996
-0.03484037
0.0010238006
-0.01393058
-0.008738231
-0.010648654
0.020358708
-0.043244746
0.008016537
0.02756516
0.028614126
0.07761372
-0.04107129
0.033595446
-0.008131153
0.056720484
-0.02664952
-0.011945719
0.032182354
0.015308664
-0.02987896
-0.028307484
0.006580271
0.0006358063
0.058308702
-0.019164508
0.05563544
0.005890876
-0.02793721
-0.031103227
-0.04318461
0.015737185
-0.032065205
-0.02173822
0.012293942
0.0067631584
0.019639514
0.015574807
0.007271841
0.0012715907
0.007360156
0.024148373
0.0052729654
-0.0058725094
-0.018845124
0.011061193
-0.02920348
-0.00331345
-0.0035406372
-0.0060543404
-0.03342909
-0.015990688
-0.09748976
-0.05970437
-0.022989502
0.02011795
0.0027529632
-0.023861792
-0.011753894
0.067654625
-0.01800337
-0.0458073
-0.06456088
0.025053607
-0.011395906
0.027833216
-0.034261268
0.004576756
-0.020411775
-0.009857707
0.0006076788
-0.012785517
0.011162766
-0.004406114
0.03768941
0.029555915
-0.04196401
-0.03508222
0.009644159
0.021208536
0.04049219
-0.036284976
0.032736592
-0.018412912
0.047925882
0.0120673645
-0.026823785
0.013840414
0.0019362655
0.003292594
-0.046623558
0.0012278957
-0.077063255
-0.011341643
-0.0045074914
-0.040298086
0.03257089
0.03477578
0.015330907
0.020697061
0.014277896
-0.031172242
-0.005226873
-0.007671426
0.03456335
-0.030528316
0.0025812518
-0.034834314
-0.047185197
0.007089656
0.030345125
0.01422464
-0.029016448
0.00074412534
0.039304893
0.04284791
-0.00665497
-0.013883315
0.052388154
-0.015243577
0.008193829
0.001482863
-0.0024785688
-0.010733148
0.03365978
0.012323528
-0.011207166
-0.02755658
-0.0107500255
-0.013539447
-0.009185059
-0.023764547
0.048825752
-0.021242544
0.022443129
-0.020279549
-0.037121434
-0.023363434
0.0040014996
0.026138708
-0.0103195105
0.015162005
0.0065148016
-0.024832152
0.004504174
0.049282815
-0.0010583174
-0.03541089
-0.03077944
0.08109097
-0.022112612
-0.0043527195
0.0019690434
-0.007616562
-0.059894815
0.019381674
0.0066949106
-0.043848675
0.008630001
0.012189163
0.004532496
-0.05340402
-0.009481837
-0.00044869524
-0.07665007
6.6695466e-05
0.054344177
-0.022942236
0.0347928
0.021090718
-0.034889333
0.004064472
0.0050206273
-0.03540999
-0.028286196
0.0077996794
0.030457692
0.035137594
-0.046692483
-0.002737362
0.02585413
0.043586656
-0.024954451
0.03114015
0.052529756
-0.008007532
0.033288144
0.023173252
-0.016459823
0.016426466
0.029640006
-0.050241597
-0.0062918016
0.047558017
0.033659074
-0.063219555
0.033516873
0.0013636613
-0.02546755
-0.0021087318
0.04813421
0.039868474
-0.0011223296
-0.030223498
-0.040996168
0.007159118
-0.017569654
-0.01960101
0.0028458063
0.08365706
0.038821135
0.017009508
-0.012170728
0.03010171
-0.013636836
-0.023150688
-0.03378828
0.013696237
-0.021771094
-0.008829327
-0.063497454
0.004595014
0.015260007
0.045431208
0.01836434
0.014840806
0.04065466
0.013853747
-0.003196941
-0.07373202
-0.050342243
-0.008889901
-0.00745376
-0.03433319
-0.0277175
-0.064226285
-0.028084477
0.0012811805
-0.06629228
0.0019184268
-0.04582466
0.00042435262
-0.03723109
0.051113717
0.017457675
0.007226198
-0.09453915
0.04205579
-0.015897816
-0.00082982145
0.026888004
0.023212219
0.008990863
-0.05010438
0.00746318
-0.018321624
-0.053426336
-0.06790818
-0.0012257535
-0.031335086
0.0029373595
0.0037112646
0.029722065
-0.041068424
-0.040527586
0.01620757
-0.013263606
0.005056593
-0.056975793
0.04773295
0.05695825
0.012959635
0.036998082
0.009719592
-0.0610055
-0.06417925
-0.0029316368
0.03078045
-0.0052079093
-0.01969894
0.0049036206
-0.006681288
0.018737705
-0.011759002
0.00051088835
0.039645478
0.017335521
-0.0023517674
-0.04604517
0.0038338923
-0.03977452
-0.018467017
0.0018158169
-0.043719906
0.020483993
-0.027292838
-0.011880224
0.061559435
0.023114277
-0.053603623
0.0071413
0.0011851205
-0.024127552
-0.008110676
-0.03079459
0.014022522
0.002139441
0.058420748
0.0641936
-0.006100111
-0.0091720605
-0.004460708
0.002447884
-0.03468936
-0.04164072
0.037815586
-0.030504717
0.008824894
-0.014116953
-0.029598063
0.019613821
-0.0154137565
0.0023725985
0.0024371697
0.019253273
0.057620026
-0.015074839
-0.05013679
0.051567256
0.000337863
-0.027957698
0.0009119141
0.036347043
0.0041210395
0.002653626
-0.015245223
-0.01912342
-0.024167227
-0.01910468
-0.004558606
-0.02817188
0.010558233
0.0069113113
-0.015509136
0.028829943
0.0018719778
-0.011355095
0.02557689
-0.0013513021
-0.029904189
0.028200945
0.019994292
0.058301326
0.02641185
-0.018346
0.047225896
0.014150596
-0.04382186
0.031981565
0.012912498
0.013075672
-0.008222527
0.018143408
0.022513658
0.059251044
0.03238409
0.023152629
-0.021150405
-0.010634896
-0.00475734
-0.04478609
0.017193338
-0.0063461587
0.046593957
0.060366217
0.010816077
0.059445795
0.015366529
0.00093854434
0.04159168
-0.011212744
-0.006018997
-0.043831807
-0.003839353
-0.038943276
0.0136126
-0.00060629495
0.008484402
-0.040725973
-0.015520439
-0.014443219
0.00325172
0.028828032
0.005944317
0.03637583
-0.009901669
-0.08124328
0.039141677
0.0067830514
-0.011925871
-0.023516806
0.06229286
-0.06690487
0.042535964
-0.010866662
-0.016425654
0.04189013
0.02757325
-0.011213072
-0.0012396818
-0.020570297
-0.012935341
-0.041899554
-0.008794499
-0.0008411234
-0.02947136
-0.018965358
0.015764212
0.025595857
0.013816036
0.0107537955
0.020473499
0.020303678
0.041247305
-0.017691826
0.024516543
-0.020806363
-0.011084579
0.033623517
0.017769584
-0.0076667317
0.07296007
-0.006982447
0.008186846
0.022034284
-0.046583977
0.009605366
-0.018479206
-0.0035363545
-1.5747146e-05
0.043162856
-0.01993003
-0.025864853
-0.015811713
0.0345435
0.009219602
-0.04078424
-0.043898474
-0.060276534
-0.04527552
0.006928521
-0.012821337
0.02905755
-0.016335694
0.030271726
-0.009691944
-0.0152453
0.027893865
-0.02653132
-0.044447012
0.013939089
-0.018676037
-0.010475775
-0.018779127
0.018052286
0.02233058
-0.0136188045
0.07137312
-0.04600096
-0.025067726
-0.07190145
0.0020215816
-0.044927478
0.03570337
0.010328709
-0.016115552
0.06400377
-0.03539099
0.009261311
-0.0063863783
-0.034935508
0.031946115
0.014145992
0.032290407
-0.007627801
0.05878182
0.012873608
-0.009982169
0.01580617
-0.030047428
0.06799221
0.020417193
0.032250162
-0.026688846
0.010632244
-0.011095629
0.03865065
0.021957258
-0.031160118
0.013554754
0.0034983756
0.036216285
0.021864789
-0.015655275
-0.008068745
0.01190137
-0.0059708683
0.002743032
-0.004651303
-0.029636249
0.044689577
-0.052368734
0.008586608
-0.012563952
-0.0061058663
-0.020043625
0.018224096
0.01955896
-0.023170969
0.013998328
0.005789528
0.03647661
0.045054603
-0.022950143
0.0026326627
0.018888231
-0.0015963955
-0.02257247
0.009985363
0.05822322
0.056177508
0.011320995
0.028073326
0.0044658445
-0.02812023
-0.044084754
-0.016919687
-0.004762735
-0.057777394
0.019613434
0.0006938113
-0.007887062
0.017662004
-0.008172412
-0.007193098
-0.00967744
-0.03129734
-0.04232706
0.013055112
0.0009061533
-0.0075390986
-0.0010358456
0.01423105
-0.033205964
0.03099416
0.014065964
-0.004871384
-0.026080186
0.038292088
0.0053108204
-0.047927137
0.03954633
-0.013266317
-0.0058470336
-0.09348585
0.07658656
0.015988193
0.014395351
0.04642002
-0.010196814
-0.07090353
0.00023656765
0.032510437
-0.01617492
-0.013555942
-0.055413693
-0.030187687
0.036355577
-0.042201675
-0.089572854
-0.07686421
-0.014901864
-0.016110862
0.0010844008
-0.01112914
-0.0060090963
0.0108751645
0.02973255
0.0024036444
-0.028027808
-0.030043887
0.019111495
-0.025429353
-0.0016060515
0.024323529
0.008044693
-0.04184315
0.018935887
-0.04277913
-0.06263911
0.017681804
0.029569244
-0.037977725
0.020881465
0.0076292157
0.044370815
0.035401225
0.00546974
0.0031102835
0.011331734
0.015313919
-0.020523889
0.00037415547
0.055253472
-0.0469189
0.014473442
0.040059086
0.021117438
-0.007813062
0.008460848
0.049696818
-0.034863245
0.041082054
-0.031001057
0.079940185
0.020767292
-0.019635947
0.002133625
0.045102634
0.04026677
-0.017050376
-0.0009946339
0.005319158
0.020373037
-0.044359893
-0.010142949
0.010169804
0.011991912
0.008634386
-0.052674867
0.013732239
-0.035947103
-0.014025466
-0.010387272
-0.057193317
-0.023559786
0.074948005
-0.006248013
0.0126947295
0.039499443
-0.0073533086
-0.025031762
0.0024617114
0.03432717
-0.029204892
0.059060894
-0.004690539
0.03643477
-0.047638655
-0.026066523
0.0028770682
0.021132575
0.025660174
-0.04332731
0.04386971
-0.033868127
-9.268507e-05
-0.009593508
-0.037820052
-0.017883608
0.009071186
-0.044620853
-0.037115775
0.036182195
0.002480221
-0.06356359
-0.042096082
0.0035117194
0.040241983
0.003650133
-0.021452323
-0.011348519
0.002367656
-0.010667442
0.013090712
-0.0030534323
-0.0197565
-0.02263866
-0.047515396
-0.00923832
-0.03209609
0.012683351
-0.02275216
0.023683308
0.008400539
-0.020837745
0.06656943
-0.0028807244
0.006444742
0.047853734
-0.011856259
-0.018916056
-0.0123068085
-0.05185722
-0.04577534
-0.011347475
0.0029004395
-0.030451966
-0.050184198
-0.027001508
-0.02418156
-0.016466105
0.017127514
0.004814557
0.0026427775
-0.057345007
0.0028990416
0.03774084
-0.014335593
0.041380275
0.047942154
0.03380662
0.07536531
-0.028283227
0.0036295434
-0.01993545
0.020101584
0.006018386
0.043144338
-0.009118549
0.0050236527
0.014110293
-0.02351234
0.014643579
0.0060764463
0.05495198
-0.0039481814
0.008771979
-0.026968608
-0.014899685
-0.024194645
0.039919052
0.018853724
-0.0011344332
-0.041683584
-0.011645115
-0.07261453
0.0040058186
0.0017922007
-0.027763432
0.02527939
-0.01800029
-0.0017710913
-0.06994955
0.007740527
0.025661903
-0.010647496
0.042726833
-0.040876217
0.016741354
-0.03987291
-0.0294906
-0.004520885
0.0068591377
0.025566582
0.03693268
0.0024575
-0.015832404
-0.03056043
0.02432114
-0.012943024
-0.031839848
-0.022186678
-0.03745679
-0.01077604
0.012024068
0.0188084
-0.06103929
-0.07597772
-0.0035404838
-0.013787297
0.0023301407
-0.07304644
-0.007181455
0.021966223
-0.04295899
-0.049983047
-0.0076143686
0.0290951
-0.0035504121
-0.0067793345
-0.0173294
-0.01915
-0.024790214
-0.05383873
0.012940201
0.0064529465
-0.032258928
-0.012587405
-0.035562407
-0.0075471355
-0.00543881
0.07207472
-0.06484546
-0.018811716
0.035667144
0.013707537
0.0061080204
-0.021851057
-0.0072673117
0.0061808983
-0.0021678142
0.021034872
0.018434275
0.002495787
0.007773906
0.0026993267
0.0011574856
-0.033144273
-0.00017634881
0.009342434
-0.011441199
-0.001719853
0.008622925
-0.02197545
0.007434812
0.01141108
0.015964158
0.0046336167
-0.014198547
0.018960744
0.02798479
0.017703818
-0.02627461
-0.017935669
0.009613057
-0.0071780724
-0.043869674
0.043125
-0.07016523
0.0465389
0.030630311
-0.01556965
0.029897427
0.028538544
0.019847635
-0.04819943
-0.015377846
-0.025131721
0.010024647
-0.01598572
0.011988309
-0.002461474
-0.004776738
0.022194115
-0.011330399
-0.03636997
0.016240116
0.038129818
0.012433129
-0.0531213
-0.027180724
-0.037037287
0.02277965
0.026022129
-0.013685626
0.0204339
0.043053165
-0.01172186
-0.031531785
0.01282434
-0.085238166
-0.03670455
0.013917411
0.015640786
-0.026584495
0.024312938
0.0028297862
-0.0019337991
0.011988552
-0.0014088484
-0.028155942
0.008896459
0.006615207
-0.0076562986
0.03132438
0.024368564
-0.036496185
-0.01937794
-0.034381796
0.0047736233
-0.02030651
-0.026161287
-0.044079695
-0.015604747
0.042339996
-0.0032626104
-0.02388672
0.020619936
0.0117933955
-0.0033903257
-0.010930192
-0.024270952
-0.012853804
0.0050421874
0.010949554
-0.016379448
0.011282158
0.031209668
-0.04680215
-0.023480248
0.034019765
0.042920303
-0.04147937
-0.0035044178
0.015971074
-0.057074744
0.0028770994
0.04683767
0.01877321
0.03713596
0.024881372
-0.02567741
-0.04013493
0.0063440436
-0.023367649
-0.02983524
0.0062786397
-0.03987449
-0.013090218
-0.009111399
0.04538249
-0.018800596
0.016536903
-0.08401378
-0.05884935
-0.021539383
-0.0006367616
-0.013393885
-0.011405171
-0.031860817
-0.033157703
-0.02887792
0.026679555
-0.009383767
0.010892364
0.0153435
0.049095165
0.026770258
0.007075464
0.012772511
0.020807171
-0.017475717
0.011313695
-0.008045174
0.01660847
-0.017656438
0.026269726
-0.034180325
0.043102726
-0.05157012
0.01248324
0.002372222
0.024838777
-0.016727144
0.016641095
0.03610621
0.04176335
-0.024946058
-0.03813838
-0.017227532
-0.07175867
-0.019204915
-0.03487998
-0.03691553
-0.008349004
-0.012910176
-0.0016208505
-0.002823654
-0.080166884
-0.0033454113
-0.0029726608
-0.010100982
-0.031712692
-0.015410779
-0.043283522
0.030144177
0.010410966
0.0072460617
0.01506683
0.0009176895
0.007865376
0.007790579
-0.020178992
0.002735496
-0.017488012
0.06573778
0.033034783
0.027865354
-0.016756518
0.04179077
0.020055076
0.022478605
-0.019717928
0.02063375
0.012744899
0.016884482
0.0007993647
-0.04331193
-0.005306973
-0.05322049
0.0008838451
-0.029044043
0.0011237131
-0.047831777
0.0174278
0.0029452255
-0.02734247
0.01807243
-0.005072971
-0.0011270682
-0.0016069239
-0.028888015
-0.018144846
-0.03945423
0.004846542
0.02497293
-0.004799853
0.047107358
0.05304925
-0.039252497
-0.03743965
-0.03729634
0.014098432
0.04907979
0.03412971
0.02758968
0.00266384
0.029427452
-0.02162316
-0.032935463
0.051751964
0.011994669
0.020313686
-0.027713727
-0.022438187
-0.035301972
0.013060907
0.012402169
0.025154473
-0.03384492
0.055853736
-0.020219501
0.03067135
0.04071935
-0.033824403
-0.009536919
0.025891358
0.037970986
-0.03192053
0.024393985
0.032104004
-0.0066887126
0.023985095
0.0059744217
0.022559354
-0.05892181
0.01332812
0.02763731
0.060548306
-0.017906126
-0.034677703
0.05518453
-0.007728111
-0.0048996564
0.0014109776
-0.0182434
0.033455182
0.03320139
0.043076087
-0.060142733
0.04046421
0.023828452
0.05199235
0.029343966
-0.025836099
0.035083022
-0.006095515
0.011988892
-0.012343842
-0.013413233
0.015355807
-0.03893035
0.021222025
-0.017296465
-0.03150226
-0.0032654332
0.015845135
-0.054778405
0.0071192062
0.02037163
-0.05193481
0.014613186
0.0053322264
-0.039573774
0.044842344
0.040928114
-0.017541131
-0.0028760515
0.037623342
0.022237884
-0.02045179
0.009466911
0.04528347
-0.011051886
0.056998022
-0.028851435
-0.03718704
0.02874643
-0.03241639
-0.058702998
0.033063676
0.0015031378
0.034175023
-0.027509566
-0.02553819
0.0030943977
-0.07900983
0.041411866
0.021173935
-0.029140333
0.02492521
0.03647603
-0.0368404
0.0019027396
-0.024205144
-0.047998052
0.029516801
0.049179066
-0.019745678
0.029326187
-0.0023991894
0.044553716
0.022915164
-0.029200628
0.032193333
0.025103424
-0.061645005
-0.015474139
-0.018406443
0.044364605
-0.029224455
0.005006269
0.00938009
-0.028707493
0.0288566
-0.023795675
0.02130088
-0.00029294688
0.011762103
0.026183825
0.035926454
0.06464422
-0.0005587717
0.0067049144
0.0029736666
-0.01632574
0.05117486
-0.047007903
-0.022052431
0.011444642
-0.05186444
-0.084736004
0.03412121
0.0069342447
-0.0070225
-0.013250266
-0.063769765
-0.03341338
-0.06683431
0.0031632748
-0.007330542
-0.025910387
0.040856417
0.015682958
-0.017207997
-0.008879228
-0.012327925
-0.0075008576
0.03552844
0.009339563
0.025586167
-0.07982115
-0.0058339974
0.038681358
-0.0156368
0.000214022
-0.00740339
-0.018686354
-0.012523402
-0.032775227
-0.012980686
0.0108708
-0.028527182
0.005782259
0.004710309
0.017930431
-0.124344885
-0.010968634
-0.027996192
-0.007961118
-0.04145546
-0.00087158725
0.02482434
0.006159682
-0.012843888
-0.04082196
-0.018921584
0.044720374
-0.0036360906
0.014693621
0.016910592
0.031230193
0.0050241877
0.028800579
0.009448162
-0.01246207
-0.0035815798
-0.034780577
0.037882004
0.064830765
-0.03489259
-0.030597908
0.045684084
-0.0054378957
0.013491193
0.03260791
-0.021809954
0.011692744
-0.058634203
-0.027761122
-0.05849865
-0.03821399
0.005477301
-0.0091743935
-0.0060659777
0.01486396
-0.0038308513
0.015269823
-0.010599426
0.048537366
0.018896088
-0.036652952
-0.025777752
0.04785183
-0.0054960144
0.0056244535
-0.0067181
-0.040909737
-0.011716426
0.027010571
0.010341771
-0.0003066863
0.048090182
0.015373652
-0.006936947
0.0018419808
-0.06522481
-0.010803666
0.006407466
0.041932818
0.04264758
-0.053304054
0.0038805583
0.008885801
-0.030424127
0.031273782
-0.06694157
0.023752136
0.015586463
0.034395453
-0.038046833
0.008030107
-0.017108051
-0.013606282
-0.016708173
-0.0013035861
-0.007450409
0.04566111
-0.006532349
-0.04193339
-0.043478213
-0.04529582
0.026818251
-0.035251282
0.046159912
-0.018054774
0.004712928
0.005525532
0.05300505
-0.07006637
0.041298594
-0.03812561
-0.0057629994
0.009349067
0.04289407
0.0117588565
0.023888117
-0.017313596
-0.03111362
0.0076319454
0.011243057
0.0058738412
-0.0044404226
0.062154096
0.026525423
-0.027149227
0.009339018
0.01980501
0.0382821
0.003924683
-0.019370353
0.009804245
-0.009201168
0.019475356
0.0012407743
-0.035395365
0.018293148
0.0005458196
0.039749384
0.027282802
0.03836172
-0.03573764
-0.014664782
0.02183922
0.020442853
0.030351864
-0.02009662
0.013404257
0.028647956
0.00021873832
-0.0024867463
-0.05054062
-0.038289268
0.012657876
0.004244816
-0.02064884
0.03148354
-0.027792457
0.016399903
-0.005379622
-0.021853719
0.0100645125
0.008917399
0.04602611
0.0032306775
0.05305623
0.018478699
0.037496466
-0.01321184
-0.0046720277
0.041535463
0.010486077
-0.025736747
0.0017080146
-0.003963031
-0.00065414613
-0.010731033
0.048095
-0.025388366
0.04637214
0.019983968
0.017144665
0.03830175
0.03049288
-0.03198974
0.0114809675
-0.044782583
0.013613726
0.020608868
0.055079725
0.03237702
0.02993624
0.0055818614
0.07052833
-0.024398198
0.033550087
-0.013824617
0.010756404
0.026080338
-0.018434431
-0.022218775
0.0011775562
0.0009339018
0.011227771
0.010203109
0.0019707228
0.004232123
0.037319854
0.060829822
0.035966676
-0.05596568
0.008594543
0.0021255442
-0.007699655
0.026194263
0.020295847
-0.030314418
-0.033852793
0.010439694
0.02781721
-0.040593598
-0.0060964515
-0.013985428
-0.057549063
-0.06434515
-0.01920044
0.016218275
-0.006114623
-0.0048177554
0.020359265
-0.027679527
0.059184715
0.0058311815
-0.03708687
0.06277413
0.027269889
-0.0078068245
0.009614367
0.018307108
0.0057625202
-0.018257411
-0.056426316
-0.025937635
-0.04716795
0.024338715
-0.019436067
0.015520075
0.022880314
-0.06746772
-0.016508644
0.023766665
0.0011869082
-0.009284643
-0.03726754
-0.036593094
-0.0014302637
0.007698462
0.008872514
-0.07637308
0.026742822
-0.008643953
-0.02842325
0.040447503
0.036383346
0.023970943
-0.022669964
-0.0034438604
0.017694376
-0.03498649
-0.0073665516
0.0086498745
-0.024224622
0.07717152
0.039215755
0.06792371
-0.013657979
0.0023017568
0.003384675
0.014407919
0.017479856
-0.026040716
0.011822566
0.011066744
-0.009708686
-0.0065939035
0.011873836
0.039755218
0.0050790785
-0.016262714
-0.08016025
-0.052722413
0.05000286
-0.033311546
-0.0026520588
0.013951033
-0.009221112
0.018850414
-0.020173388
0.050763637
0.0022882703
-0.006721318
-0.0060291896
0.013947513
0.013910086
0.015430279
0.057814796
-0.05238498
-0.024044348
0.012858243
-0.0014510198
-0.03924028
0.02682071
0.006019427
-0.021755584
0.01048273
0.046690825
0.030880779
0.03765637
0.033500183
-0.0046926034
0.010334443
-0.03229808
-0.032124802
-0.021293256
0.012417731
-0.013496164
0.042322323
-0.038519185
0.00924385
0.004542865
-0.041186746
0.0005375002
-0.00871692
0.03530847
0.0042156666
-0.0037995707
0.03527349
-0.044610634
-0.016110387
0.018519772
-0.048252195
-0.021144794
0.028262105
-0.0062206616
0.0606152
-0.039384946
0.005151131
-0.025488054
-0.008410319
0.014778808
0.0058783125
0.006590762
0.051282607
0.0030278917
-0.056931764
-0.059207425
-0.020668615
0.029703645
-0.003172055
0.01202119
-0.037365284
0.032524873
-0.029849352
0.0029303692
0.024311667
0.018101962
-0.019686457
0.045137655
0.007860415
0.00509986
-0.03521995
0.024359547
0.007464739
0.023806844
-0.0020920674
-0.013341339
-0.03373908
0.0024205258
-0.0275362
0.008150184
-0.028264245
-0.009445082
-0.049913704
0.049111973
-0.0445704
-0.0010992838
-0.0027544538
-0.00094173657
-0.036537755
-0.0024296648
-0.0029837086
0.008851234
0.016015206
-0.009164351
0.014534028
-0.037947536
0.019961301
0.004434086
0.04168787
0.05202195
0.011465314
-0.0010209783
0.00951475
-0.00029606736
0.017737323
0.08136039
-0.0075433836
-0.0037797627
0.028878344
0.06617991
-0.008323891
-0.07577091
-0.006448617
0.007849876
-0.05771783
-0.006243079
0.011495306
-0.034857035
0.032035235
-0.015637182
-0.0015372605
0.018301833
-0.02849002
0.037972275
-0.029171763
-0.021519719
0.01478637
-0.0336957
0.023934653
-0.052207515
-0.057159573
0.01842348
-0.020790588
0.017431334
0.033141132
-0.012069507
0.08062901
0.03339371
0.008869448
-0.014543159
-0.0063291034
-0.017338146
-0.03924099
-0.0435082
0.0023219597
-0.05122294
0.053143937
-0.068821274
-0.013103092
-0.01517103
-0.0027979454
0.0061625554
-0.06577675
-0.04162235
-0.06362081
-0.018792188
-0.0321201
0.013210761
0.01454448
0.02682112
0.020179387
0.00060340494
-0.010875493
-0.01670111
0.06702536
-0.06830026
-0.016693862
0.019846471
0.01706409
-0.043874864
0.018477285
-0.011719753
-0.034746382
0.01817502
0.027801737
-0.0048708543
-0.02485489
-0.0522436
0.032283884
-0.018278671
-0.012648057
0.0016890946
-0.08029098
-0.04761432
-0.065437995
-0.0036647283
-0.019726526
0.010934033
-0.018771457
-0.038744286
0.0085605085
0.0011020954
0.038541395
0.019417865
-0.03131985
0.054319736
-0.0052168914
-0.05976079
-0.039509077
0.019905949
-0.0031627268
0.014024925
0.058489565
-0.008449331
-0.015675131
0.02092932
0.05638591
-0.004587127
-0.0058795903
-0.0008398432
0.020552035
0.017097952
-0.020651922
-0.017020686
-0.02730117
-0.021436816
-0.08650062
0.09558237
-0.01299876
-0.038515415
0.022923758
0.029985517
0.031413086
0.029901572
-0.019764697
-0.0334193
-0.028351406
0.006630181
0.023452418
-0.02486066
-0.027639043
0.0063011656
-0.013055923
0.022027282
0.015078091
0.032313686
-0.005409572
0.01750974
0.009462805
0.005619592
0.014992739
-0.0016179602
0.016386002
0.025296468
0.05855203
-0.0009547565
-0.071340956
-0.020685544
0.01473301
-0.007653862
0.039579388
-0.051860515
0.002474381
-0.027971756
0.02356508
0.05166972
0.040077683
0.010216047
0.0065085343
0.036205642
0.028804287
-0.025304615
-0.0074944296
-0.0017624666
-0.014047943
-0.045670595
-0.020544546
-0.03439456
-0.035061326
-0.0029968035
-0.0061276457
0.0026126024
-0.010780435
0.029296737
-6.918987e-05
-0.0020274685
0.027437562
-0.061435737
-0.0029065255
-0.010065289
0.025494577
0.048344232
0.01281794
-0.019263767
-0.025459442
-0.02552966
-0.0054107616
-0.005539247
-0.0424187
-0.02113856
0.010477024
-0.023678154
0.01713098
0.0043299105
0.0021198578
-0.017880708
-0.0026057062
0.015459667
0.0035434912
-0.025775097
-0.028807824
-0.014252693
-0.00011044042
-0.038156256
0.005512779
0.023510555
-0.0117595615
-0.00836156
-0.01802244
-0.03886268
0.0011925743
0.006657522
-0.026626457
-0.03499146
0.04507376
-0.0049887467
-0.039461255
-0.02806056
0.0134191355
0.019921226
0.03815007
-0.04606786
-0.028169885
-0.0022765144
0.01467995
-0.041588746
0.0039294255
0.109301545
-0.0023965223
0.03241229
0.022717992
-0.004904937
0.027504599
0.016271645
0.0025302628
-0.016099082
-0.005009945
0.014326764
0.04544567
-0.02428226
-0.028738331
0.02280436
0.040822446
0.03541343
-0.062137358
-0.036361378
-0.034219615
-0.032587398
-0.05157541
-0.008699817
0.009541757
-0.00868862
-0.009016297
-0.04395173
0.006924733
0.00037205426
0.018566808
-0.018423697
0.049476188
0.023470247
-0.028159235
-0.028671624
0.038906217
0.03504124
0.013994499
0.034708686
0.016281566
-0.013106107
-0.023867613
-0.009164007
0.0014751856
-0.0108369235
0.043936323
0.016856227
-0.03807552
0.0036122142
0.0448137
0.014652698
0.04637091
0.001537351
0.023402797
0.018312154
0.038688343
-0.0005454797
0.024538692
-0.002966933
-0.04481112
-0.021542845
0.04545816
0.009151156
0.0067854603
0.0031657238
0.015215596
-0.005689868
0.030567234
0.024183588
-0.014816236
-0.009675714
0.07183409
0.018829728
-0.011073002
-0.057332374
-0.06372852
0.03112151
-0.007870624
0.0303368
0.030542584
-0.018264662
0.022483036
-0.0077649807
0.046223033
-0.009943924
-0.05183258
0.03397681
-0.05285676
-0.009062992
0.002577666
-0.027769186
-0.056971256
-0.029629288
-0.0020436794
-0.011122041
-0.082478754
0.022245852
0.027598277
0.029281948
0.00987894
0.0012256375
-0.0035844324
-0.035741996
3.2756e-06
-0.0018488091
-0.00025774748
-0.030194353
0.012784257
-0.004402608
0.030365633
0.06289568
0.05267632
-0.0069099977
-0.010517636
-0.03530214
-0.015476749
-0.061839666
-0.021226963
0.0072433986
0.043440305
0.038336705
0.00072957424
-0.07095405
-0.018768137
0.01967973
0.03397321
0.056054078
0.0046827043
-0.04096042
0.0070640077
0.024041304
0.04854441
0.013703499
0.007938
-0.009829422
-0.04268668
-0.029767426
-0.034185443
0.014834502
0.0033089307
-0.010010163
0.01581136
0.01304597
0.010975829
0.0063687363
-0.017031651
-0.0120693315
-0.01513784
0.01911307
0.01854533
-0.0247853
-0.0026346897
0.0053110523
0.016119258
0.032187063
0.0077921352
0.052257504
0.064263314
0.055921577
0.019402957
0.002836485
-0.05187756
-0.002375311
0.015036269
0.019591918
0.015936207
-0.019319441
-0.04504287
-0.032799263
0.034321483
-0.021751445
0.038661897
0.007351062
0.032624528
0.046629347
0.010450131
0.00024147386
0.01257341
-0.020826079
-0.029037954
0.029476507
-0.012758576
-0.005004302
0.004693559
-0.006698322
-0.013247158
-0.014413854
-0.030584678
-0.019178355
0.007100565
-0.011772923
0.012709801
-0.028262531
0.0055384804
-0.0353688
0.00454644
-0.004433885
-0.0044474476
-0.03502406
-0.042315334
0.08294356
-0.035211954
-0.03165917
0.04331699
0.0077950866
0.008519593
0.011336488
-0.0114847245
-0.06407748
0.011683977
-0.030090233
-0.018435473
0.032867916
0.016387094
0.053754117
-0.069419906
-0.025776781
0.019125436
-0.024721036
0.024581993
-0.047289908
0.02826624
-0.009310739
0.010824517
-0.009156828
0.014824399
-0.0062580663
-0.025452606
0.01558906
0.008171781
-0.040104035
-0.084833845
-0.018933209
0.007937558
-0.0009052887
0.0021723444
-0.038014647
-0.024618872
-0.019632671
-0.022360547
-0.05384995
0.023693651
-0.0056651747
-0.0022068063
0.048625857
0.00655726
-0.05324137
-0.04005861
0.03022503
-0.01505062
-0.021008251
0.01598686
-0.024703838
-0.017586702
-0.0037469007
-0.029517328
-0.016955622
-0.032231014
0.031284165
-0.016938813
0.028175607
-0.053592846
-0.011379985
-0.06583583
0.02136803
0.024355853
0.047522143
-0.0631283
0.02893476
-0.023336109
0.025450692
-0.036029942
0.011530269
0.086375244
-0.017413205
-0.0022336566
0.0368766
-0.030889498
-0.018997867
0.010537439
-0.009457493
0.015476221
-0.0070183156
0.015509677
-0.0088182185
0.009127515
0.050812636
-0.016829332
-0.014044585
0.040412124
0.036971234
-0.038633175
-0.003943235
-0.023450559
-0.022717932
0.0008703312
-0.041547425
-0.049230848
-0.027440017
0.035294827
-0.03358512
0.03983792
0.0713602
-0.003662878
-0.06512615
-0.04447471
-0.049072165
-0.0279347
0.0056409566
0.053394806
-0.004081415
-0.017019736
-0.030665958
0.037158787
-0.052179806
0.01208963
-0.00026435667
-0.010913396
0.012845957
0.012217441
0.004958758
-0.01852114
0.06810203
-0.024971819
-0.027798228
-0.0076709734
-0.024876148
0.03047337
-0.008625579
0.015312013
-0.04458983
-0.029427601
0.0053737797
0.060056094
-0.03368568
0.0017341018
-0.024756076
-0.015605791
-0.061777253
-0.017137576
-0.0178006
0.01752294
-0.04201332
0.00089674216
-0.016279584
-0.022457883
0.02564408
-0.032570448
-0.022965556
0.03418269
0.051087663
-0.041143652
0.0066358144
-0.02079253
0.027226184
-0.026170632
0.036107752
-0.045795754
-0.022224385
-0.012688771
-0.010018582
0.005436976
-0.0070207007
0.000860367
0.040195446
0.060801864
0.053753864
-0.022148466
-0.0025558753
-0.009997526
-0.020109482
0.02053017
-0.024659839
0.0040527857
-0.014683676
-0.063997865
0.07025772
-0.050286196
0.031120256
-0.017354095
0.032656804
0.020843279
0.026698643
0.026535
-0.023910766
-0.0043102843
-0.03705445
0.023973126
0.011280903
0.004733758
0.0005680547
0.01970126
0.016657105
0.051043242
-0.059064668
-0.022494264
0.015845235
0.04185902
0.018481053
0.08246654
0.033790883
0.029342188
0.02572576
0.017929113
0.044660598
0.031324927
-0.0023788225
-0.0042517832
0.020745847
-0.031103622
-0.006528826
-0.00083772436
0.03783568
0.01020798
-0.033315502
0.0344409
0.033255786
-0.003004976
0.023786616
0.018368231
-0.03161766
-0.05108722
-0.006024477
0.03053276
-0.0023507334
0.031403195
-0.050050225
-0.016704913
0.030348903
-0.031065937
0.0026054815
-0.03558555
0.0065395907
-0.0149087
-0.02446827
-0.01226564
0.056980375
-0.037591953
0.029743904
-0.06260874
-0.043029882
0.0005889713
-0.0346877
-0.0017788679
0.021938404
0.03199308
-0.011748447
0.021552688
-0.01547506
0.01851696
-0.022588527
-0.0055376515
0.007603419
0.020107156
0.008292924
0.010192698
-0.010392142
-0.011267887
-0.040338486
0.009633457
0.042718086
0.0035451485
0.017249191
0.007236289
0.00037359336
0.025903873
0.024411023
0.0162525
0.01924552
-0.02193985
0.0033831554
-0.00970782
0.061886877
0.053172607
0.030987049
-0.020079246
-0.022835543
0.050545003
-0.0029742548
-0.03473768
0.034156844
0.005928261
-0.04380026
0.017314192
0.008545227
-0.042578645
0.059497062
0.012553223
0.032139264
0.0005842837
-0.01903956
-0.0041602026
0.022240486
-0.018774403
-0.0124896
-0.033489767
0.03806616
-0.0136782555
0.023135118
-0.003034006
0.0037276715
-0.0036732552
-0.010351419
0.034853034
-0.006110001
0.023674348
-0.014306692
-0.035547968
-0.035666797
-0.041297078
-0.0006879932
0.034398336
-0.0048576277
-0.03260042
-0.018401342
-0.015554443
-0.00023539545
-0.015105896
0.031164467
0.02569197
0.0056220065
-0.021439085
-0.01592598
0.0010620034
0.02274503
-0.03548624
-0.01694627
0.01077269
0.053171117
0.033772275
-0.04339589
0.032013934
0.023583332
-0.021681013
-0.027084181
-0.017237294
-0.0049724174
0.032851115
0.039442558
0.0265166
-0.04555437
-0.015969023
0.030026672
-0.06600713
0.013604989
0.015971635
0.015598577
-0.011404734
-0.013470968
0.014917297
0.0021900109
-0.03165425
0.00931398
0.055717662
-0.0016153444
0.00051361247
-0.01475911
-0.012663079
0.015913283
0.032191876
-0.009987268
0.046222594
0.01442352
0.014735943
0.029195128
0.010191221
0.05834059
-0.01639678
-0.056059774
0.026272928
0.034255438
-0.03319871
-0.03173964
0.0105129955
-0.031827796
-0.02014272
-0.043615352
-0.009663627
-0.008844762
0.028532915
-0.008608717
0.005473346
0.036249094
0.018248968
-0.045961782
0.02800726
-0.03896998
-0.0092462925
0.008500032
0.013568132
-0.028122531
-0.010132669
0.04865757
-0.08408202
-0.012537803
-0.02752303
0.0013381018
0.035219554
0.043134365
-0.011483694
0.003264426
0.04174196
-0.033548266
-0.015436287
-0.016162956
0.06756011
-0.004956075
-0.016652482
-0.011477284
0.041974377
-0.028463244
0.0181927
-0.042311713
0.0076702726
-0.0028188168
0.016927823
-0.012676956
-0.00997865
0.021401031
0.03281138
0.043818623
0.012969553
-0.032554615
0.044829555
-0.04160715
0.02895918
-0.008463022
-0.031897698
-0.0039425828
0.019691918
-0.014917422
-0.043957904
0.008342657
-0.021419281
-0.023595044
-0.018440822
-0.046528064
-0.022327946
0.01072881
-0.011137643
0.017493447
0.0073244814
0.020488122
-0.033824284
0.06020671
-0.017025609
0.030129956
-0.048996348
-0.032458305
-0.025851082
0.08048397
-0.049319725
0.0010827945
0.03656466
0.033671312
-0.016696708
-0.03024882
0.002296606
0.059377886
0.0008846651
0.02569854
0.03215806
0.008899259
0.0055065774
0.00353031
0.009444846
0.023564175
-0.040244393
-0.0007806883
0.016226819
-0.021254238
-0.014274168
-0.048335012
0.040366948
-0.012967351
0.033193376
0.03109669
0.0065558623
0.0038041007
-0.029537898
0.012316581
-0.017579751
-0.012966697
0.025596978
-0.00717233
-0.0026749477
0.006514084
0.013183222
-0.0019290982
0.0008735377
0.0065317857
-0.0038873933
-0.011834681
0.016411021
-0.044708967
-0.015810464
-0.008225021
-0.05795125
0.05128207
-0.025476268
-0.011488101
0.012445596
-0.011644913
-0.018891834
-0.04878957
-0.019953638
-0.029244523
-0.018657792
-0.030294191
0.027024072
-0.005491298
-0.020967815
0.053435486
0.024928054
-0.054486454
0.0023142542
-0.016252652
0.011353443
-0.0010820458
0.030598821
-0.01907891
-0.0124350395
-0.042463068
-0.0278688
0.0038249926
0.023480216
-0.011684416
0.009807698
0.0049303276
-0.0046786456
0.025411539
-0.040033516
-0.047587898
0.081368275
-0.044238742
0.04528793
0.040453844
-0.011092568
-0.006025476
-0.039131127
0.047097992
-0.018481223
-0.038037747
-0.01656612
-0.041889407
0.03850973
-0.036420975
0.027735906
0.04277054
0.06667162
0.02721128
-0.024378216
0.037809383
0.03438623
-0.021476204
0.03427591
-0.031570267
-0.019247754
-0.015500701
0.029540826
0.030803667
-0.021567274
-0.007258633
0.017275447
-0.018451115
-0.02732795
-0.007426421
0.018618483
0.063568436
0.020559832
0.017921252
-0.0471002
-0.020597333
-0.017735932
-0.019998966
-0.004027952
0.035243783
0.02667651
-0.01687548
-0.011015729
-0.019987855
0.00020873903
0.00025072892
0.02361132
-0.0099489335
0.08420097
-0.018345028
-0.027814597
-0.0140176015
0.023997994
-0.011342516
0.013943687
-0.038246993
0.00058826356
0.029515114
0.010495427
-0.012361994
-0.0148067605
-0.024371788
-0.008979829
0.02322211
-0.01630926
0.019260831
0.017131064
0.020861745
-0.0085082045
-0.023199061
0.009657102
0.0014368974
-0.037895866
0.04105442
0.009927913
0.011420453
0.0009252335
-0.014879764
0.0075316713
-0.020120556
-0.01885103
0.008711049
-0.014758824
-0.0019074823
0.008955055
-0.0029270686
0.059606384
-0.017292358
-0.07955024
-0.016462566
0.008022038
-0.014374265
0.018588642
0.0014506252
-0.010881558
0.004638827
-0.021381993
0.1095361
0.033830624
-0.027654024
-0.040570553
-0.037333068
0.021651533
-0.026451757
0.06351091
-0.04766011
-0.012684695
0.038781285
-0.0029750832
-0.0102411965
-0.08893817
0.003806925
0.025279785
0.0059330836
-0.015839765
0.016168857
0.012531214
-0.024896486
0.012439426
-0.0025313252
0.020228636
-0.0077288738
0.009550657
-0.014121274
-0.040829945
0.015106924
0.00031417175
-0.02468669
0.038325537
0.028315384
-0.0066829803
-0.039264385
0.02722934
0.018984698
-0.06777704
-0.024457706
-0.0457099
-0.010686563
-0.0148581825
-0.030773649
-0.028110066
0.015453998
-0.013548809
-0.0092678415
0.012857543
-0.017413037
-0.012179713
0.01411543
0.020093318
-0.0187937
0.016519116
0.02551727
-0.04496621
0.009723557
-0.0015033915
-0.0056598447
0.011415091
-0.037757684
0.026115049
0.02373066
0.04411576
-0.013564516
-0.021462712
0.10370224
0.0034641903
-0.063038364
-0.016873224
-0.025053605
-0.016390502
-0.038858812
0.016097935
-0.029345201
-0.019027688
-0.03262154
0.028334273
-0.009086263
-0.032651346
-0.0031995387
-0.004776286
0.015953874
-0.008042545
-0.025704585
-0.057877682
-0.017688088
-0.022982515
0.042012334
-0.018747278
0.017133426
-0.0031145413
-0.029111294
-0.0025986321
-0.008093336
-0.017909763
-0.03100888
0.017496362
-0.032896258
0.02074688
0.04510456
0.006546553
0.009209531
0.006755789
0.011521072
0.006562576
0.026367402
-0.002018083
0.030519828
0.027506208
0.0026126432
-0.014967926
-0.00349103
-0.013174705
-0.047342602
0.008987586
0.015984414
-0.028006421
0.021375328
-0.024230583
0.010297927
-0.017628714
-0.0021836676
0.008430074
-0.026137305
-0.008939176
0.06231522
0.019175868
-0.0072392
0.008337678
-0.017109897
0.021440895
0.024898807
-0.024584394
0.019589603
0.005516289
0.003384854
0.07554717
-0.0057952767
0.0028820722
-0.0005896673
0.04973138
-0.029951675
0.007213323
0.011603653
0.034752842
0.010321057
0.024601027
-0.003465093
-0.06721647
-0.018254016
0.021647502
0.010651337
-0.027673153
0.022155825
-0.03532211
-0.0077151735
-0.019378232
-0.097597234
0.009527624
-0.022880143
-0.006276952
0.005382444
0.011901386
0.027788224
0.053251542
-0.016217731
0.057458747
-0.04116385
-0.048442956
-0.060282256
-0.019668514
-0.00831646
-0.034752447
-0.018977515
-0.01671452
0.033997167
0.040158108
0.00030035182
0.009922208
0.019564614
-0.021027327
0.032973923
-0.09258089
0.024314363
0.001169428
-0.0014623171
0.010312404
-0.007843977
-0.015885403
-0.04255632
-0.006333246
-0.021447027
-0.018621946
-0.02560815
0.021975713
0.028898476
-0.019041115
0.02522016
0.011850574
-0.0020847323
0.007468483
-0.03173882
0.019132238
-0.047942534
-0.01277028
0.019194053
-0.011834078
0.0026329032
0.0084068775
0.04263644
0.011829227
-0.0070716655
0.000643592
0.019825552
-0.046626158
-0.012746942
0.002267705
0.022329785
0.033002257
0.031681087
-0.004488291
0.025977481
-0.0577944
0.04124038
-0.012958731
-0.006862044
0.041275285
-0.017369073
-0.0039850813
-0.0067255297
0.018229151
-0.015343814
-0.010802659
0.0034818272
-0.00028419943
0.04525061
-0.021403432
-0.031257294
-0.019073341
-0.04705392
0.0056907055
-0.009372433
-0.044948064
0.011953024
-0.008697782
0.005731427
-0.02536629
0.00015072584
0.025583263
0.0002709878
-0.032908276
0.020400543
0.035353214
0.018406555
0.0050187716
0.016153688
-0.03514711
0.014990623
-0.016605452
-0.0027723464
-0.005077066
0.0394178
-0.011016292
0.01238914
-0.07571031
-0.05397766
-0.039996278
0.025220811
0.016538573
-0.093066745
-0.052971225
-0.025225887
0.03438717
0.007378001
0.0073388726
-0.047046777
-0.029911993
0.0170803
0.0019790586
0.00033421966
-0.019992014
0.014349566
0.0070152218
-0.053831358
0.0021136021
0.02696421
0.008865787
-0.026256733
-0.059375193
0.010053343
-0.0024158692
-0.025213672
-0.043496054
-0.039372396
0.04819401
0.029926298
-0.02043664
0.05401789
0.06403547
0.021443712
0.006705257
-0.0060096835
0.056296006
0.007513683
-0.010300636
-0.028082194
0.041178085
0.0052448134
0.051000677
0.0055055595
-0.018876852
0.045265738
0.0023421703
-0.007073305
0.007723081
-0.0091800215
-0.041056752
-0.020838376
0.00788872
0.017543176
-0.022265594
-0.058993112
-0.004668245
-0.0028716861
0.0187462
0.008821366
0.009879455
-0.0031672649
-0.009082586
0.018825017
-0.015703933
-0.03228585
0.017636862
0.03050139
-0.0076540527
-0.00083188456
-0.01326763
0.013817958
0.0737718
-0.043974742
-0.014881852
0.079011366
-0.020403566
-0.018081954
-0.015300187
-0.00031741912
-0.00034075047
0.036433034
-0.041614067
0.021032857
-0.05851032
-0.016814945
0.016176911
0.045429867
-0.0015712371
-0.041043997
-0.0051728687
0.0111748455
-0.017381808
0.013960525
-0.028630389
-0.015682632
-0.00072561344
0.021475151
-0.030791149
0.065043546
0.02382633
0.050166514
-0.008554708
-0.04884066
0.044131402
-0.012990755
8.11278e-05
-0.038090803
0.020674245
0.028908016
-0.010943944
-0.019370189
0.0012934338
0.022560889
-0.03472166
0.04315975
0.005047711
-0.040893916
0.030082935
-0.008954336
0.02825617
-0.045319807
-0.06473818
0.0033443628
-0.03752882
-0.05879991
0.022947034
-0.013905658
-0.026450645
0.040817454
0.034576282
-0.010466574
-0.002500854
0.050873384
-0.007108446
-0.04310028
0.020390095
-0.02183667
0.023693053
0.02686399
0.03312414
0.001819024
-0.036785543
-0.021776592
-0.0014981601
-0.003750175
-0.016074497
0.015679725
0.00043002647
-0.013970935
0.010058475
0.0007289804
-0.011615259
0.0066979346
0.07636758
0.009975461
-0.016982043
-0.00011827521
0.032030333
-0.022391042
-0.014199466
0.014583919
-0.008244742
-0.038709126
0.0039702486
0.00030274328
-0.0022701672
-0.02283881
0.00024052119
-0.025290033
0.07043766
0.049667593
0.011073707
0.0835579
0.024351293
0.0069118524
-0.008388441
-0.035915393
0.0055714827
0.034750905
-0.013507489
0.007753898
-0.004063069
-0.011157977
0.04624099
0.046379015
-0.00010797615
0.005981771
0.020266648
0.0057130796
-0.008657007
0.10787012
-0.05574235
0.0077851308
-0.01312758
0.0016811314
0.0467853
0.035040684
-0.0022871008
0.007357371
-0.031041965
0.035362232
-0.015564612
-0.025328802
0.004642824
0.03894379
0.021187602
-0.025942314
-0.022271464
0.007894752
0.02467519
0.009675127
0.04570887
-0.016979558
-0.052085675
0.0054008863
-0.041316878
0.014936128
0.05722226
0.02863644
-0.04940019
0.0034666117
0.030240405
0.028731788
-0.0018765525
0.0055750054
0.029955273
0.045452975
0.029394988
-0.0091590965
-0.025858441
0.026848419
0.016445698
-0.025429828
-0.027792508
0.037109636
-0.014065539
-0.013344443
-0.0026424117
0.01450787
0.010396229
-0.018736599
-0.02660102
0.03414767
0.00017115238
0.0066379146
-0.023293504
-0.017609205
0.021673618
-0.027944004
-0.012914037
0.0043957513
0.02886501
-0.0035376146
-0.04977042
0.029415332
0.047199853
0.022947785
-0.017118284
-0.069623664
0.02632106
0.017056515
0.017044203
-0.003930923
-0.004610171
-0.023439178
0.034521483
0.03154462
0.008091392
-0.018255863
0.0030349183
-0.030618336
0.009256897
-0.0027984518
0.007826324
-0.005569527
0.014645094
-0.01782896
0.032949273
0.03164538
-0.026667908
-0.029407853
-0.015520686
0.011978773
-0.0039055718
0.032402284
-0.08260784
-0.015370536
3.9138307e-05
-0.007712814
-0.0015807615
-0.007805264
0.005351899
0.013250939
0.035672974
-0.014268997
-0.023549486
0.039253592
0.022446847
-0.026855504
-0.027482675
0.00052649743
0.02557422
0.0004415327
-0.022094402
0.031237548
-0.02931779
0.044252157
0.028853144
-0.029957693
0.009869302
0.02667836
0.010296633
0.013874043
-0.0069599855
-0.022884052
0.026128607
-0.05617315
0.012127136
0.030026894
-0.0023504016
-0.0051434394
-0.03284955
0.020959096
-0.044649597
0.035668265
-0.0036600889
-0.013387601
0.022230046
-0.011382602
-0.0041844915
-0.015723825
0.069211364
0.01627788
0.023359759
-0.05087845
-0.0052385353
0.02967407
0.06170554
0.034539234
-0.033318892
-0.044792946
-0.030701715
0.0039145323
0.0028638323
-0.013811076
0.032339677
-0.024952002
-0.02209728
0.0088801915
0.030225718
-0.037279055
0.01955049
-0.02152834
-0.025280429
-0.04991433
0.017260894
-0.04245833
-0.012007489
-0.013476142
0.047748826
-0.024414388
0.07407736
-0.015789932
-0.006685138
-0.028981728
0.017124
0.0053817388
0.022413611
-0.020764437
0.008509162
-0.0073635387
-0.05017794
0.006768722
0.0017998095
-0.020616524
0.009900616
0.018278485
0.03150454
-0.033030793
0.036223426
0.012134796
0.00011127786
0.0101038525
0.018707199
-0.0018435398
0.023840202
-0.033669695
0.0020000867
-0.04350155
-0.0039712237
0.010053487
-0.008164591
0.0033773188
0.014469164
0.022298068
-0.013400167
-0.030740777
-0.083326824
-0.0370934
0.009797949
0.021807505
0.002698304
-0.020914786
-0.0795215
0.039592754
0.012976983
0.025376655
-0.015790598
0.02847181
-0.024724029
-0.016400743
0.040796857
-0.018305732
-0.0013336872
-0.0014191506
-0.02280681
0.0021293915
0.019067958
-0.031242112
-0.025993412
-0.00628609
-0.016709242
0.004873502
-0.012816657
-0.040420223
-0.0106212245
-0.057324477
-0.029937048
0.016531343
0.020753317
0.027219445
-0.03553469
-0.04907508
-0.023015475
-0.04874088
0.032223936
-0.021039702
-0.015859477
-0.02989162
0.06450637
-0.008444919
-0.033553984
0.034514505
-0.026299642
-0.021630572
-0.028755449
-0.038658243
-0.008171417
-0.025309566
-0.03734707
0.027136324
0.024056572
0.078108996
0.056201864
-0.055340353
0.057663176
0.047547698
-0.036291968
-0.020989574
0.035471044
0.020669363
0.051458403
-0.04420156
0.0017470944
0.036825057
-0.059711423
0.0007902557
-0.015647244
-0.000323987
-0.0019504355
-0.039205246
-0.017292643
-0.0081592165
0.010468359
-0.05327154
0.021446047
0.008647771
0.060880236
0.011062563
-0.016669642
-0.005108317
-0.037880797
0.06699678
-0.0017087784
0.030759016
-0.00087399635
0.023664126
0.0428156
0.0052858484
-0.007293328
0.039525487
0.015730219
-0.020005416
0.06613418
-0.0043271626
0.021795742
0.01338436
0.007796274
-0.017318258
-0.010334798
0.010259839
0.057432737
0.006306848
0.036437184
0.008143751
-0.038827676
-0.009530721
-0.028381351
0.022445645
-0.022451514
-0.052564967
-0.016793305
0.027837116
0.009632197
0.014997017
0.009015034
0.051908936
0.031766918
-0.028473623
0.02567386
0.024009425
-0.03426719
-0.051645324
-0.0028993657
-0.047439314
-0.053673867
0.010328045
-0.009603227
-0.03953761
0.002104672
0.008495984
-0.049404517
0.03576379
-0.0061211684
-0.011139388
-0.02206995
0.039069857
-0.031190155
-0.020429332
0.032331116
0.0051111737
0.021486258
-0.009341411
-0.0015198415
0.0055213524
-0.0042439164
-0.031017479
-0.04639491
0.031196954
-0.023456866
-0.022592453
-0.016423007
0.024073107
-0.028826008
0.04775708
0.008555459
-0.010657362
0.050251406
0.028709201
-0.022568928
-0.00072742015
0.052989606
0.025866626
0.014456019
-8.48489e-05
0.029869547
-0.0032330828
0.009085233
0.050661
0.015159889
0.008721291
0.00579464
0.0061018737
-0.037701856
0.001878037
-0.02706644
0.06474553
0.011710998
0.027536124
0.021353144
-0.06251296
0.044253986
-0.03962808
-0.007718018
-0.019603955
0.043011047
0.016746154
-0.024255956
0.036025263
0.023611711
-0.031413343
0.011381551
0.05111397
0.01004806
0.0026572328
0.040318552
-0.019359868
-0.02702532
0.038920846
0.022669131
-0.0062980065
-0.024996608
-0.018428957
0.062290035
-0.0037144579
0.01995949
-0.022712078
0.00905603
-0.028844833
0.041872803
0.0066688675
-0.050010722
-0.0042662416
-0.0036802518
-0.010645637
-0.052629624
0.047916584
0.014364646
-0.020711834
-0.0028282246
0.067195565
0.03800491
-0.010038604
-0.001668553
-0.051334605
-0.03781405
0.027747694
-0.02619089
0.017437894
-0.028044712
-0.023765828
0.0031163627
0.008601908
-0.04407812
0.0047982614
0.0012057859
-0.05567845
-0.029255135
-0.061535645
-0.014548605
-0.0337979
-0.039307967
-0.0110407
0.06772981
0.009789919
-0.0064512575
0.0026709707
-0.0040999553
0.023928937
0.0016356194
-0.0648546
-0.03627793
-0.007921623
0.01789174
0.03390186
0.03934095
-0.021939298
0.04298916
-0.010744011
0.004025134
-0.043762773
-0.011290021
0.0033453237
-0.014907102
0.009592309
0.047564812
0.0005085509
0.002009541
0.033730745
-0.009067257
0.002797306
0.0346663
-0.00039000667
-0.021671044
-0.07940525
-0.037719212
-0.013259852
-0.041192524
0.013491866
-0.029473038
0.013975068
0.008812681
-0.0016614932
0.026597712
-0.013498585
0.0029801745
-0.007969364
0.023145767
-0.022622082
-0.016441705
-0.0059552114
0.015941892
-0.01766761
0.007143994
-0.06382621
0.02573902
-0.0065661
0.038004603
0.036146328
-0.011519247
-0.037646357
0.018624824
-0.0068389685
0.06408482
-0.058051806
0.014038683
0.0038083124
-0.036262617
0.03495253
-0.01420032
-0.02193751
-0.066912316
-0.031628292
0.025250694
-0.01227977
0.017896546
0.0029061728
0.017080441
0.0093153175
-0.020417579
0.0022128474
-0.014700172
-0.023529926
-0.0023214512
-0.025548453
0.00058862474
0.009154485
-0.02357987
-0.021789283
0.07213591
-0.014882877
-0.045074604
-0.004470991
0.0005719075
0.006553585
0.0030828554
-0.00806558
0.049148943
0.000941605
-0.028290275
-0.0005713562
0.002537794
-0.02505238
-0.03708302
0.06590131
-0.03658144
-0.03497045
0.033942193
0.018599685
-0.016351419
-0.0346112
-0.015077041
-0.029930497
0.06294736
-0.07187006
-0.01726311
-0.01630762
-0.0044821845
-0.04135829
-0.03061186
-0.011372956
0.020663694
0.017610786
0.00823269
-0.027270513
0.02319311
0.001884022
0.02888183
-0.02144
-0.00036424838
-0.059651576
-0.044871576
-0.048685018
-0.017105415
0.029562857
0.030458419
0.004149228
0.012109387
-0.017288068
-0.002690431
-0.049730897
0.011171843
-0.014384218
-0.0057220915
-0.063535355
0.026446475
0.024807572
-0.054249663
0.004487382
-0.0067062415
-0.021749077
-0.030214699
-0.05924233
-0.045602944
-0.06079476
-0.028978493
-0.05532977
-0.026991084
-0.07495633
-0.05012096
-0.05665492
-0.017557928
0.014098052
-0.015659614
-0.008155863
-0.0064703817
0.023188187
-0.029175224
0.022210112
0.004053357
-0.016040571
0.0010116526
0.018028907
0.042922933
-0.007614818
-0.011124591
0.05991714
0.029117243
0.032110717
0.0061056325
-0.0071447925
0.0014106012
0.05641906
0.010086046
-0.014121694
0.00093817594
-0.007396185
0.00022077376
0.01710588
-0.041442722
-0.0009418206
-0.030595938
-0.012142014
-0.0072481045
-0.0044711786
-0.04056339
0.064814
0.052235592
0.08654173
-0.030889908
-0.05020855
-0.013342425
0.0026718443
-0.049492337
-0.007064202
-0.07369487
0.0044140564
-0.026217476
0.0056777406
-0.031171177
-0.019779142
-0.04127513
-0.0037865732
0.00082656683
0.03648098
-0.05230881
-0.023719167
0.06760429
0.0026291192
0.01684526
0.0022102953
0.004596399
-0.0010556675
-0.00840057
-0.06623904
0.027185839
-0.0007225937
0.04086401
0.008229486
0.012534963
0.03367417
-0.0007313018
-0.015375446
-0.018022772
-0.01985437
0.06202194
0.024327071
0.02731387
0.021223895
0.009269175
-0.024445875
-0.002611348
0.01706038
-0.0126668755
0.0032973876
0.0036352905
-0.0100610405
-0.02235237
-0.024033444
-0.044904247
-0.018298373
0.0061023296
0.01592233
-0.025468497
0.014773093
0.00796776
-0.015486206
0.036812525
0.017585313
-0.032135934
0.032864597
0.001459141
-0.001505691
0.038798373
-0.012769094
-0.029357892
-0.005896902
-0.05384804
-0.10784675
0.0008971042
-0.0031694649
-0.021113269
-0.012599145
-0.0163848
0.04042284
0.013628407
-0.010293097
-0.014506963
-0.007903193
-0.013777
-0.042038072
0.037679262
-0.017117187
-0.08356904
0.0038249355
0.0042835223
-0.06352807
0.023089752
-0.0032288963
-0.012687505
0.01599285
-0.01489551
-0.01609613
-0.0010457238
0.019181946
0.02974689
0.027146596
0.043975163
-0.026675986
0.024882365
-0.021449005
-0.0369497
0.040044628
-0.062915884
0.04650409
0.029585036
0.040065244
-0.041246615
0.023083761
0.01583801
-0.0344365
0.012500836
-0.024750212
0.012869629
-0.014820348
0.01907069
-0.01076348
0.04723862
-0.018444125
0.020708844
0.0065963087
0.0012772523
0.033055257
0.043066412
0.0042591984
-0.019013446
0.011764701
0.010555558
-0.014226947
0.011650738
0.006683992
-0.01883526
-0.029371936
0.078888364
-0.019356027
-0.008178828
-0.022015618
-0.016191464
-0.000109555054
0.025237268
-0.030537833
-0.018881854
-0.024575131
-0.010935415
-0.012319074
0.013124404
-0.016743151
-0.010758075
-0.03760765
0.020124352
0.010553146
-0.00963736
0.011951554
0.006571887
-0.048980683
0.018879019
0.030112147
-0.038869824
0.020067235
-0.0047148396
0.03154053
0.053074896
0.017378327
-0.03375576
0.002071955
0.019449495
0.039887894
-0.0066772453
-0.014032256
0.007670698
-0.07139338
-0.00041401284
-0.021802796
0.04039769
0.00618567
0.007630372
0.0005466794
-0.00470108
0.049732585
0.02064456
-0.0008939858
-0.028401848
0.022954516
-0.03627319
-0.015469035
-0.009576597
0.0138655985
-0.03177775
-0.009587056
0.034055214
0.0049404576
0.013522734
0.025734171
0.033527665
-0.03429335
0.009603009
0.022388404
0.02860505
-0.018394802
-0.05530092
-0.03376033
0.014712658
-0.008930077
0.032665543
0.022133062
0.044167846
-0.026522145
0.05657181
0.015376593
0.05358964
-0.0133978175
0.012589593
-0.0056451852
0.016081713
-0.002764052
0.01184598
0.04333276
0.0067738537
-0.040073592
-0.012315449
-0.03377357
0.057380375
-0.017522475
-0.0052727507
-0.011780881
0.017602634
0.025977405
-0.019431937
-0.0020573048
0.057976104
0.013227379
0.029668564
0.04727301
0.022570834
-0.016296161
-0.015549316
0.008604896
-0.011699944
0.022999853
-0.026213592
-0.026339065
-0.03144935
0.02307888
0.07004446
0.01776217
-0.021153953
-0.006561381
-0.019178987
0.039882164
0.009044302
0.018585786
0.04788676
0.021955002
-0.034776527
-0.019020032
0.02875096
-0.029346853
-0.023721514
-0.0043245447
0.016774252
0.044062983
-0.013402321
0.051175565
-0.022252083
-0.023862446
0.019588988
-0.01891044
-0.029196251
0.026801188
-0.00600148
-0.017224478
-0.019084664
-0.014100389
0.060098905
-0.019441066
-0.00028661327
0.010048672
0.0094148675
-0.032504257
0.009785824
0.027555903
0.039140537
0.01989052
0.019435434
-0.011840286
-0.047423176
0.016467135
0.034544416
0.035343207
0.014295481
0.0030414904
-0.024359198
-0.028566066
0.029142436
0.014766284
1.3040626e-05
-0.025516737
0.029201664
-0.00688701
0.01767948
-0.009762001
0.011740827
0.028615892
0.012095995
0.008920392
-0.0090631945
0.026398363
0.031386588
0.003723189
-0.020758681
-0.07928967
0.011572498
-0.018489217
0.046175454
-0.01815639
-0.03305284
-0.03638913
-0.061849568
0.015518376
0.03301574
-0.019545734
0.029241642
-0.02398424
-0.034265783
-0.029282868
0.023532182
-0.04791049
0.014165066
-0.058066975
0.04804932
0.0009178421
-0.048558068
-0.0063215303
0.0069905925
-0.011780511
0.0082405275
-0.033857673
-0.01513498
0.008930245
-0.01626243
-0.0055161263
0.028563399
0.022346295
-0.043037765
0.051554665
0.013748117
-0.038795967
0.016993223
0.011216505
-0.041922715
0.0761242
-0.011037593
0.0387979
0.024520604
0.0118384315
-0.036580063
0.016301272
0.011169734
-0.055152792
-0.03475521
0.024995076
0.030552274
0.02881298
0.0015969855
0.03215287
0.018635862
-0.04395057
-0.008071509
-0.012598718
0.018293973
-0.0036683788
0.010601655
-0.012645346
-0.018254071
-0.030199384
-0.008352265
0.01580674
0.034488846
0.016533537
-0.009740194
0.02005423
-0.0045441957
0.0096481
-0.02104401
0.04266316
-0.0488527
-0.027307715
-0.024196567
-0.0495312
-0.04168763
-0.033519335
-0.010460073
0.024559181
0.015469534
-0.059989605
0.023962047
-0.017517064
-0.004707864
-0.06295448
-0.046066742
-0.017043058
0.0802052
-0.042667482
0.015823485
0.002095946
-0.0015005199
0.041901167
-0.022538295
-0.011158582
-0.012874312
0.047279514
0.0012513864
-0.003163259
-0.039354075
0.00888404
-0.022790825
0.040632643
-0.028824026
-0.036040734
-0.013439799
0.0025664673
0.07612797
0.008836139
-0.016100923
-0.02193134
-0.022421233
-0.024158828
0.015805542
0.038005203
-0.034057368
-0.004864345
-0.018864231
0.02658075
0.010778095
-0.027709424
0.051412277
0.010569214
-0.0062722545
-0.017541384
-0.021680176
0.0078714695
-0.0229433
-0.033873335
0.0058523067
-0.020233344
0.047666386
-0.025359234
0.0340464
0.008328431
0.02827829
-0.012002702
0.014371787
-0.03655894
-0.044303186
0.043881875
-0.01222321
-0.00035707466
0.036777087
0.013324074
0.0064361156
0.06430667
-0.034162056
-0.02716721
0.05529899
-0.052809745
0.0076852455
0.0014313965
-0.043913215
0.0279217
0.0014935454
-0.028099725
0.0016549426
0.032135386
0.006353374
0.022467852
0.049996484
0.03208199
0.024187159
-0.035972722
-0.039297972
-0.00084058876
-0.0059598987
-0.008373187
-0.03135342
-0.03175711
-0.017693322
-0.08480204
0.04029145
-0.021003034
-0.005613927
-0.0070324237
-0.024723753
-0.013597053
-0.023820447
-0.011887678
-0.0036652426
0.0019889628
-0.031900752
0.04991368
-0.0015226969
0.017539226
-0.03816912
0.03365422
-0.010750573
0.07109286
-0.014829874
-0.018700527
-0.03888425
-0.0019075609
-0.025440948
0.027874524
-0.010524053
0.012639917
-0.021620568
0.008391281
0.007590499
0.008712933
-0.042768147
0.013614913
-0.0058796015
0.012804306
-0.021012042
0.039077617
-0.010132363
-0.027221529
0.050199363
0.051693875
-0.010613639
0.05421347
-0.0009712382
-0.029503739
-0.005720204
2.214582e-05
0.017434828
-0.016866192
-0.05000658
-0.02234933
0.019550791
-0.041673876
-0.024037778
0.022885062
-0.0032966442
0.00057591527
0.005712069
-0.026080934
0.0153299505
0.029714148
0.017332457
0.072853655
0.005412
0.032280084
-0.078487694
0.00875044
-9.600667e-05
0.02856797
0.026996799
0.03386643
0.029851034
-0.055846777
-0.028387772
0.03736493
-0.001315412
0.031169776
0.054837853
-0.004479782
-0.008466646
-0.03227762
-0.03491153
0.0058923727
0.026453344
-0.019586865
0.004211861
0.00030805508
-0.04053383
-0.013815035
-0.023356628
-0.048729453
-0.043301743
0.012309402
0.002455076
0.016653208
-0.04668418
0.00085902074
0.00430027
0.009535543
-0.019976964
0.00546914
0.00723052
-0.0068312716
0.0031601149
-0.038497817
-0.03754615
0.018448662
-0.01066084
8.7816035e-05
0.028751371
0.015538833
-0.023659764
-0.018353082
0.020160766
0.01102139
0.019988908
-0.027352186
0.01249342
0.007854917
-0.015919669
-0.03916206
0.068101384
0.0024410877
-0.010228674
-0.04317475
-0.002419137
0.021578627
-0.0066741407
-0.013328781
0.0062739262
-0.01942471
0.053961013
0.006077298
0.041236874
-0.06362623
0.053905394
0.025087453
0.05399206
0.00092371914
-0.0018144038
0.036194555
0.0051721935
0.016671035
-0.011052182
0.011376763
-0.010820774
0.003943422
0.0057564396
0.06506763
-0.02284172
0.024896726
0.03316378
0.042038195
0.0077504297
0.0023771848
-0.04575737
-0.0062250257
-0.04816016
-0.0145050725
0.010067639
-0.09045084
-0.008417236
-0.022491042
0.0030799746
0.013207176
0.005341849
0.017345255
0.015906764
-0.027934602
0.070759706
0.0058096237
-0.0282249
-0.044436567
-0.047307506
0.036718734
-0.05295037
0.011220186
0.010934137
-0.0020371452
-0.060826376
0.019688612
0.04358602
0.00050539675
0.021839144
0.008442513
0.06230729
-0.007044459
0.001432859
-0.030977739
-0.018460294
-0.040069256
0.0137306675
-0.027541032
-0.025372032
-0.0070197587
-0.037554584
-0.019378746
0.032499187
-0.0029150897
-0.023288542
-0.002453159
0.020002322
-0.02644333
0.047400106
-0.031693544
0.03913418
-0.06413146
-0.0015707968
0.029103035
0.045858856
-0.02925589
-0.029720891
0.009833059
0.030065479
0.02492943
0.012761676
-0.04664725
0.011387211
-0.026361795
0.029239943
0.03376442
0.028741987
0.017813457
-0.029275883
-0.055173602
-0.0407584
-0.015627852
0.015972797
-0.014151581
-0.029612925
0.007642461
0.004239807
-0.0038156274
0.03477572
-0.052649483
-0.011223633
-0.029220194
-0.002528448
0.0007794144
-0.027896903
0.07015981
-0.047027055
0.0020707373
-0.015704017
-0.030474994
0.03383565
0.03828273
0.003251823
-0.0014457742
-0.028480696
0.019354045
0.0151093835
-0.010233997
-0.0015378882
-0.027207766
0.013239082
-0.033857506
-0.017766327
0.038492914
0.0023050513
-0.012045619
0.006584126
0.0704639
0.012345141
-0.013372661
-0.012421699
-0.052281797
0.06514564
-0.0017179614
-0.029030617
-0.042844716
-0.014240001
-0.044832375
-0.025754787
0.0518158
-0.03366078
-0.017092055
-0.030307055
-0.10622936
-0.0021409984
-0.04147922
-0.024989158
0.009675027
0.008312017
0.0027865332
0.017699651
-0.0003257942
-0.0024836974
0.044614036
-0.07196856
-0.02520917
-0.041983448
0.00048761908
-0.026146848
-0.020374645
-0.001214672
-0.0043798634
-0.014534362
-0.020575289
0.010516636
-0.031026768
-0.018795883
0.030903913
-0.013921222
0.025888896
-0.045553803
-0.020280004
0.06800525
0.0021242108
-0.020168087
0.0010520766
0.045258425
0.021901045
0.017198492
-0.010535855
-0.024752539
0.025983153
0.04914217
-0.025813643
0.02747063
0.020416157
-0.0071814684
-0.04160412
0.021338755
-0.060543984
0.026099745
-0.01629971
0.030035943
-0.02370063
-0.0013074469
0.029204829
0.0064767855
0.026024906
-0.01830552
-0.02462292
0.021135967
0.032394655
0.046016
-0.016753085
-0.00820468
0.051443197
-0.02439962
0.040126827
-0.009445328
-0.040871594
0.020342588
0.008403681
0.046406876
-0.016089879
-0.04331269
-0.00535992
-0.053094435
0.018541621
-0.030590933
-0.01875003
0.007447533
-0.0052015004
0.039755292
-0.041080803
-0.023203313
0.020669485
0.001149906
-0.030646352
-0.009669734
-0.05305131
0.026304565
-0.033398967
0.0193957
0.02657653
0.011376586
0.003607675
0.0023838182
0.041785948
-0.0034087943
0.028518625
0.028734317
-0.010091079
-0.012729869
0.013153043
-0.0172946
0.007803467
0.0012032385
0.025383495
-0.009714328
-0.0006316884
0.0035058567
-0.012554811
0.1082525
-0.0136811845
0.004017481
0.036351126
-0.05357702
0.00481349
-0.007250284
0.07129472
0.0033145938
-0.040575404
-0.052317664
-0.055751767
-0.025399463
-0.011930573
0.0037016375
-0.018343711
0.0068608364
-0.027914556
0.049661946
0.037953734
0.036086995
-0.010819861
0.034788698
-0.009064621
0.03894053
-0.016903441
-0.0037867809
-0.01831818
-0.04046665
0.050826766
-0.0014829615
0.055523735
0.030839846
-0.077583976
-0.0064046197
0.017784908
-0.005536833
-0.023772543
-0.009535861
0.020056795
-0.027120166
0.030956484
-0.009765695
-0.0102231465
-0.026989087
-0.016218973
0.010255626
-0.014323569
-0.0506857
-0.030039228
-2.3754452e-05
-0.02445396
-0.014301911
-0.009212849
-0.007968022
0.020615026
-0.028556038
-0.050198123
-0.055513784
0.0012571029
0.014239443
0.012686766
0.00012501524
-0.0027947447
0.013306933
-0.0036686664
-0.0019515381
-0.0028022055
-0.00706392
0.009886279
0.0056832023
-0.0047830846
0.013769481
-0.007502099
-0.008230198
-0.044086415
-0.02187689
0.007834968
0.0008732175
0.017524838
-0.024022672
0.028506877
0.020382417
-0.00874195
0.020213544
0.052635062
0.08066523
-0.0045130746
0.036509383
-0.0066465517
-0.02343637
-0.025150811
0.0047633
0.043971308
-0.00031220118
0.024854941
-0.035596956
0.039086863
0.0006993454
0.024425887
-0.01563252
0.012036275
-0.010642118
0.023474429
-0.03700281
-0.008005604
-0.05700043
0.021039175
0.008297468
-0.0012800731
-0.017222641
0.05623522
-0.040107053
0.0036213193
0.07074982
-0.013997337
-0.0046420717
-0.032856796
-0.0016136558
-0.028869852
-0.057198614
-0.019613897
0.01101157
0.022704642
-0.049603157
-0.0018054293
-0.04267402
-0.026386358
0.007274014
0.024211258
0.021775037
0.021991154
0.009713609
0.03945233
-0.0016820674
0.026670733
-0.051061355
0.039987206
0.030528022
-0.019752275
-0.002679211
-0.020421972
0.008644083
0.015478602
0.060859706
-0.007330939
-0.033274144
0.027668469
-0.00434832
-0.015767658
-0.05988772
0.014961462
0.013006378
0.042278327
0.02478315
-0.047917157
-0.060112942
0.009888058
-0.006361284
-0.031983964
-0.008484662
0.0350006
0.017438827
-0.04322182
0.014596545
0.040223263
-0.014707338
-0.0413184
-0.047360282
-0.037912115
-0.007473777
-0.0055786823
-0.004244972
-0.06487955
0.024966268
0.072032765
0.0102239465
0.03960498
0.03567142
-0.020142937
0.034965064
-0.012684522
-0.036858715
0.025916435
0.023340842
0.0009224954
-0.017611934
0.013797515
0.038134217
0.044445094
0.0045561446
-0.022582417
-0.050948996
0.042122733
-0.01452773
0.005482809
-0.038756844
0.031029241
-0.018394914
0.052675918
0.0048056734
0.0064178826
-0.036938652
0.04746059
0.1036299
0.020535821
-0.006145874
0.040896304
-0.04232983
0.00068050524
0.020360405
0.02755835
0.006247445
-0.023220573
0.017114758
-0.0065214057
-0.024726655
0.011595737
0.035508905
-0.010068714
-0.00065413216
-0.027668405
0.038655944
0.0072980826
0.024853397
0.013726193
0.020325148
0.013965748
-0.038123425
0.056971144
0.065710284
0.029219043
0.022120476
0.016792225
-0.027320584
0.02187394
-0.025932783
-0.018117111
0.04821384
0.018944802
0.005483787
0.06870535
0.040051542
-0.0057833046
-0.00436874
0.016614566
-0.06371455
0.0128456885
-0.007351433
-0.01760303
0.012838386
-0.017280474
0.022088394
-0.00056174205
-0.016031513
-0.022287905
-0.023672415
-0.0060908264
-0.01190467
-0.020289455
0.017010184
0.060253628
-0.014786366
0.01691488
0.019591035
-0.048954513
-0.025514528
0.040061615
-0.014119117
0.0016692313
-0.013229242
-0.017040402
0.0103670545
0.0071952804
-0.005302102
-0.010894759
0.0020136514
-0.0141321225
0.053346347
0.008165344
0.041670654
-0.008253403
-0.019838834
0.011187298
-0.024147699
-0.06125762
-0.009871282
-0.05811666
-0.034248088
0.0013838805
-0.021622322
0.022713913
-0.002049263
0.0008518397
-0.011205636
-0.00047204594
0.04306736
0.024447488
0.010953424
0.023386171
0.0045582843
0.022376632
0.0037577832
0.023888383
-0.02525255
-0.008006876
0.019847374
-0.022831773
0.02270902
0.06489772
-0.031234397
-0.020677006
-0.010426816
-0.013802183
-0.0070064403
0.031609617
-0.043697603
0.012096205
-0.005028577
0.042398434
-0.01753884
-0.025929987
-0.041979007
-0.0048415544
0.004184462
0.026791256
-0.015429205
0.015339924
-0.0018719191
-0.02061261
0.022428775
-0.037084483
0.005659527
-0.0022122602
0.008806879
0.021966066
0.052683037
-0.033832703
0.009181079
-0.026671868
-0.024722949
-0.010396421
0.00036624345
0.025991809
0.0030179792
0.024338966
0.004800189
0.014146691
-0.020442046
0.044633273
0.037321877
0.04265374
-0.046392635
0.019213984
0.045327213
-0.0033350652
-0.04047389
0.021623787
0.06412042
-0.036747947
0.053538766
0.007862038
-0.0026277115
0.014727698
-0.012463848
4.4491033e-05
0.009171889
0.018898614
-0.010046018
-0.009152062
-0.040180173
0.03491584
-0.06520683
-0.0107604265
-0.01043738
0.0030056124
-0.048718162
0.026349869
0.024952512
-0.021364333
0.018481247
0.06782904
-0.009112878
0.018697305
-0.032549027
0.019859966
-0.0123366015
-0.03492835
0.0069064694
-0.064307116
0.02817798
0.0016338978
0.0088313455
-0.0014756107
0.07347546
-0.006586575
0.024057062
0.0246017
0.022292182
-0.05010484
-0.022059256
0.011819365
0.029804243
-0.018414332
-0.029253518
-0.013551385
-0.011150845
0.010003309
-0.02670164
-0.006401584
0.041792713
0.011948124
0.0026372506
0.038840365
0.083730884
-0.017927717
-0.018390613
0.00091020495
0.012561735
-0.0013261137
0.01974833
0.03285641
0.04830561
-0.069220535
0.0035348523
0.0016949632
-0.046512846
-0.021143807
-0.0068825595
-0.0044561327
0.016499026
-0.018440757
0.059674416
-0.022850258
0.0037964978
-0.0026826677
-0.010813438
-0.0392747
-0.025217144
-0.015909767
-0.004134989
-0.061920486
-0.04225857
-0.006133403
-0.04321306
-0.003443612
0.033029117
0.01924354
-0.0033799354
0.0741327
0.008625663
-0.016519586
-0.011209279
-0.04024892
0.056644786
0.0018307029
0.04774038
0.005222424
-0.00044265712
-0.009608352
0.012643655
0.0016480101
0.016586041
0.0572952
-0.017620502
-0.017369257
-0.0075964713
0.038973857
0.040234707
0.00977556
0.0014039885
0.026880523
0.016484132
0.0054736133
0.035923183
0.043879755
0.01816805
0.038720462
-0.017776823
-0.009149319
-0.046869196
0.004792652
0.024977446
0.012173334
-0.0075041773
-0.03591912
-0.033325877
-0.035986174
0.0032742033
-0.00014669044
0.004191473
0.013214783
-0.011438947
0.012961326
-0.009014057
0.051076856
0.026539259
-0.016513204
0.009220598
0.036520097
-0.055826433
0.022134833
0.020467106
0.010166718
-0.0014159557
-0.029001804
-0.01998737
-0.020555506
-0.032834604
-0.005205905
-0.033654384
0.002651081
0.008679438
0.01023105
-0.068368904
0.025126943
0.029585216
0.029554026
-0.022192288
-0.016041566
0.02119658
-0.017353516
0.017185265
-0.04384403
0.035480008
-0.017972382
-0.06528497
-0.014111059
0.07117779
-0.009644578
0.016803192
-0.0018827518
-0.0011277506
0.027228199
-0.0014725411
0.016037293
-0.02868801
-0.0067449617
-0.03425564
-0.056994066
-0.022361835
0.0021196026
0.0021531119
-0.001909746
0.022324532
0.031366233
-0.019370163
0.021940498
0.08517035
-0.02524912
-0.0013730611
-0.012469044
-0.015079709
-0.019626442
-0.056726675
0.009246147
0.049891196
0.02053478
0.0066450397
0.05003864
-0.08152558
0.02135683
0.017004
0.045977917
0.030481985
-0.054179557
-0.02517592
-0.019624913
-0.012830756
0.024207512
0.037926435
-0.00933348
-0.0058103
0.02818736
0.01784349
-0.0030037232
-0.00812482
0.043820947
-0.00987671
0.0022628726
0.015787445
0.017559066
-0.019516332
0.010023041
-0.025139885
-0.01886095
0.013418359
0.015851052
0.0027980187
-0.03659902
0.024700766
-0.020796811
-0.009955963
-0.057899643
0.07598163
0.023478525
-0.011253986
0.047416344
0.0060752453
0.02988966
0.023606228
-0.019551111
-0.021694208
0.008095848
-0.0066970694
0.043214694
-0.016361054
-0.040951848
-0.0019626727
0.0033560046
-0.064111836
0.047090653
-0.009042006
0.015020595
-0.02338326
0.0140523715
0.083701774
-0.020934585
-0.016356707
0.017599197
0.04108352
0.04763308
0.035507794
0.059463818
-0.048840705
0.026491666
-0.017922318
0.02705863
-0.009845831
0.025565049
0.0033878926
0.009740734
-0.03266313
0.025653336
0.027819892
-0.00165293
0.007549677
0.009440594
-0.015426567
-0.007233702
0.030787095
-0.015229006
-0.017337536
-0.0076059904
-0.019338196
0.060544644
0.057898
-0.025804047
-0.01472048
-0.034673914
-0.00011740269
0.030278074
0.00493961
0.0115123885
0.026619928
0.00119432
0.029260393
0.017917339
0.038472846
0.048339564
0.013408392
-0.037851322
-0.0065285945
0.046306763
0.025437009
-0.010538516
-0.021460501
0.020254955
-0.0055909543
0.00058077334
-0.03491308
0.040195085
0.0019495967
0.0062078843
0.008084502
0.04017976
0.032021653
0.014234094
0.017949224
0.032747556
-0.04245532
-0.0002742453
-0.009618743
-0.021407409
0.0061919773
-0.02150261
0.011339567
-0.0051316177
0.04274707
0.031854052
-0.03604087
-0.024311751
0.016378485
-0.048590984
-0.0073155113
0.042926148
-0.0036229456
0.05606917
-0.0715168
-0.0183156
0.040012058
-0.012557236
0.025657143
-0.03496301
-0.021605562
-0.0063624736
-0.07271803
-0.0013226856
-0.005707909
-0.07659968
0.025038641
-0.023380525
-0.03864951
0.024975378
0.04010371
0.023367912
0.015620668
-0.00679882
0.043850098
0.022422995
-0.007304792
-0.04816909
-0.013413704
-0.011359263
-0.041507777
-0.009759669
-0.036553215
0.03236845
-0.017464768
-0.0065706195
0.013613183
-0.0063646664
0.03866689
-0.008477553
0.00920638
-0.0075311176
-0.051040486
0.0054252376
-0.032772038
-0.02727886
-0.022655068
0.0485434
0.0025444266
-0.016920669
-0.030186186
-8.58157e-05
0.008618842
0.016781002
0.013635789
-0.00066516444
0.04511894
-0.028618906
-0.06153214
0.03190448
0.024055013
0.0018707633
0.021509912
-0.018724602
-0.025876628
-0.033737894
-0.01261809
0.046856996
-0.018017327
0.0022097044
0.0025833233
0.0033170464
-0.013967673
-0.010152476
-0.009240532
0.02352832
0.042087555
-0.02095695
0.034395453
0.0025893224
0.037567236
-0.020906148
-0.041787133
-0.014190482
-0.0372419
-0.05100704
-0.0054407152
-0.030382294
-0.009900495
0.019736493
-0.008271817
-0.0055374024
-0.013961753
-0.00045111732
-0.021838283
0.0005958828
-0.015710425
-0.035682235
-0.043313313
-0.05230207
-0.008468397
-0.006080497
0.04381758
-0.027533688
0.021660548
-0.024764951
-0.023117049
0.013666089
0.018468762
-0.039010517
-0.01116113
0.02672748
0.036129404
-0.01722422
0.06411169
-0.013444951
-0.020002643
0.0026828535
-0.011423588
-0.0319384
-0.024568532
-0.025392996
0.036798853
0.004080274
0.034437947
-0.013356911
0.031025173
-0.0053968695
-0.010071975
0.011969037
-0.0001810922
0.023354717
0.031563118
0.014257548
-0.012794433
0.012569496
0.026073115
0.031880133
-0.006044746
-0.02692291
0.0081148865
-0.005470677
0.014467068
0.008245405
-0.042371128
-0.009901143
0.027570162
0.0106217
0.0040361364
-0.031267
0.0071986206
0.0019335307
-0.01012703
-0.028231427
0.10834247
0.027597051
0.07000362
0.015099617
0.047924943
0.001018374
-0.0046478715
0.049214832
0.014990359
-0.016775038
-0.028399067
0.045564327
0.021285858
0.023390073
-0.023373818
0.0042681354
-0.019225812
0.026657578
0.010361491
0.0016672978
-0.0018498923
0.020291187
0.0094614625
0.051427208
-0.040261682
0.022377525
-0.0407223
0.04777135
0.01393511
0.0077654375
-0.004465051
-0.034126617
0.01271379
0.01942901
0.0026291742
-0.020870453
-0.012461296
0.041501798
0.018396944
0.00042295284
-0.04996483
0.016039765
0.045823373
0.018003883
-0.00071288267
0.0035735532
0.017584518
0.047832914
-0.04815657
-0.028474724
-0.010469043
-0.04265228
-0.012285985
-0.0023074723
-0.021813463
0.024623998
-0.00664305
-0.054470204
-0.014050231
0.036522042
0.01906363
-0.030733492
-0.0330213
0.005037225
0.02855887
0.027300077
0.03474034
-0.026789531
-0.003627913
0.027007364
0.023818329
-0.0034896801
-0.014038777
-0.053964127
0.024253888
-0.041171223
0.052164897
0.014675906
0.026777351
-0.0108036855
-0.008308909
0.0025470078
-0.0111548565
-0.014399791
-0.05763737
-0.008879656
-0.04150004
-0.001928652
-0.049014695
-9.517085e-05
-0.028883308
-0.007273793
-0.03862444
-0.009704049
0.013215865
-0.028431866
-0.03906944
-0.0013947779
-0.016568968
-0.0013450007
-0.054192826
-0.004094141
0.04007098
-0.024146272
-0.028014615
0.0078097186
-0.022119146
0.014211359
0.0333295
-0.026675716
0.014813947
-0.0030002873
0.0021951862
-0.014529995
-0.024712088
0.035082366
0.0054683303
-0.0024642781
-0.007251414
0.003915804
0.0041906587
0.019555759
-0.02743632
0.0012835662
-0.047757134
-0.008776501
0.056588218
-0.02092603
-0.008015151
-0.03297725
0.062628135
0.040829677
0.0047287517
0.024412367
0.018945016
0.009649843
0.027728464
0.01926346
-0.009093933
0.0005495886
-0.032813746
-0.0024761106
-0.025242228
0.0074998955
-0.07308743
-0.020505726
-0.011526104
0.034799147
0.020279119
0.03728778
0.00888809
0.07132561
-0.013441242
-0.052289777
-0.062256094
-0.07008935
-0.02783276
0.008297583
-0.033873886
0.038769744
0.022962198
0.03619308
-0.04302525
0.00062510394
0.00391401
0.028026734
0.005034127
-0.06596671
0.038601995
-0.041011702
-0.01804186
-0.017803192
-0.012353546
0.031414628
0.028126523
-0.01422227
-0.013560355
0.04258234
0.015338016
0.050919596
0.0018582992
-0.02813808
0.01231808
0.030926991
-0.0151426
0.040451635
-0.019425588
-0.0026663502
0.029394196
0.045469597
-0.029927755
-0.0745754
0.019507037
-0.021833368
0.0029541932
-0.0013692077
0.020456571
-0.020975575
-0.008757899
0.0647744
0.058500435
0.011161159
0.04689379
0.06981137
-0.012153164
0.026631065
-0.007722242
0.001480995
0.029532919
-0.041273713
-0.03487447
0.056695577
-0.034307256
0.03792705
-0.025525818
0.03594078
-0.00850868
-0.07079886
-0.030509098
-0.01858321
-0.008778963
0.04755773
-0.02634535
-0.008675121
0.012353135
0.024745578
0.007666151
-0.007206437
-0.0076505113
0.003400641
0.010622839
-0.0022830558
0.0027814587
0.05261892
0.042361017
0.037934076
-0.015191522
-0.0032557694
0.030105097
0.004023215
0.038845133
0.029249763
-0.016074749
0.013989901
0.014590573
-0.0010112039
-0.06307299
-0.00060181116
0.029155662
-0.023206567
0.020541955
0.018819422
0.0038061417
0.034628652
0.05906677
0.010744094
0.019322341
-0.023645293
0.023164717
0.0047417437
-0.012474695
0.0053307023
-0.020236008
-0.0005658941
0.017879782
-0.028662596
-0.03457378
0.04948042
-0.015605779
-0.009962078
-0.007892905
-0.014208837
0.04333753
-0.037670266
-0.031493854
-0.007857507
0.056761358
-0.005960416
0.005700685
-0.008615446
0.020619653
0.035355773
0.019031724
-0.006415012
0.0048624855
0.007723554
0.0028414372
0.021264574
0.016311796
-0.026775148
0.005438473
0.00076839334
-0.0059284368
0.005173916
0.009870283
-0.004036096
-0.047026757
-0.022489907
0.03012052
-0.0029298537
-0.028702395
0.025488367
0.021719353
0.022203133
-0.07426709
0.04913958
-0.01838226
0.06026201
-0.008578543
0.037961844
0.06036822
0.017450618
0.0051013497
0.009720544
0.0023657582
0.0111576505
-0.019919528
-0.0021527978
0.03459418
0.024014622
0.0065790713
0.04551173
0.019616669
-0.01848767
-0.0017482473
-0.02308268
0.06313282
0.02470134
0.024691284
0.015301853
0.019571217
-0.022653982
0.008791927
0.0032415586
-0.053499438
-0.012803185
-0.029148025
-0.045743715
0.024438547
0.028407834
-0.014444615
-0.0021015888
0.023247845
-0.025158856
-0.021021875
0.019310374
0.008734619
0.019264322
0.035782915
0.01856147
-0.02159067
-0.03167785
0.022869084
0.052075535
0.040415056
-0.030117368
0.005669925
-0.01536032
0.0037351123
0.004457716
-0.014775727
0.012866992
0.024040576
0.021857966
-0.082290456
0.029574685
0.0034596182
0.034656975
0.0034078804
0.016931407
-0.025308516
0.003883852
-0.026299149
-0.015234364
-0.023477172
0.04075744
-0.03817473
-0.064886525
0.027640318
-0.054962687
0.022962425
