7.157245635986328125e+00
1.206249833106994629e+00
1.422136664390563965e+00
7.762273788452148438e+00
2.210405921936035156e+01
9.653347730636596680e-01
5.576125979423522949e-01
1.849956512451171875e+01
5.540512800216674805e-01
5.660557270050048828e+00
1.809649229049682617e+00
2.188877820968627930e+00
2.072656393051147461e+00
2.264753580093383789e+00
9.745690822601318359e-01
1.111268401145935059e+00
4.614374339580535889e-01
3.034038543701171875e+00
2.085518091917037964e-01
1.081664919853210449e+00
5.683460712432861328e+00
1.881292104721069336e+00
5.425485968589782715e-01
3.434679508209228516e-01
7.637292861938476562e+00
4.560019016265869141e+00
1.569367980957031250e+01
1.178000569343566895e+00
8.385389328002929688e+00
1.247875094413757324e+00
1.582619190216064453e+00
1.091714501380920410e+00
5.081171989440917969e-01
2.600545406341552734e+00
1.369174599647521973e+00
4.695890903472900391e+00
7.241797924041748047e+00
2.929010152816772461e+00
5.772994995117187500e+00
5.024659633636474609e+00
1.123605251312255859e+00
7.361250519752502441e-01
2.111179542541503906e+01
5.944939851760864258e-01
4.156692326068878174e-01
