1.011822223663330078e-01
1.511564403772354126e-01
1.019837483763694763e-01
1.399707496166229248e-01
1.986324936151504517e-01
2.604384347796440125e-02
5.306068807840347290e-02
1.993951201438903809e-01
7.038760930299758911e-02
1.937947571277618408e-01
7.483106851577758789e-02
8.270425349473953247e-02
1.366055607795715332e-01
7.458537817001342773e-02
8.126390725374221802e-02
2.723450399935245514e-02
1.435215175151824951e-01
1.220565810799598694e-01
7.796861976385116577e-02
1.443426460027694702e-01
4.305137693881988525e-02
5.924245715141296387e-02
1.186204105615615845e-01
1.233017966151237488e-01
1.209275722503662109e-01
9.729318320751190186e-02
2.842425107955932617e-01
1.869185864925384521e-01
4.805519282817840576e-01
2.729970812797546387e-01
6.491024047136306763e-02
6.922996044158935547e-02
2.611624076962471008e-02
5.854018032550811768e-02
7.186782360076904297e-02
1.705119609832763672e-01
1.272747069597244263e-01
3.616129979491233826e-02
1.456046700477600098e-01
1.039566621184349060e-01
1.041364595293998718e-01
1.482787430286407471e-01
9.336854517459869385e-02
8.415844291448593140e-02
9.034669399261474609e-02
1.971919983625411987e-01
2.515774071216583252e-01
9.406304359436035156e-02
1.161218583583831787e-01
8.226148039102554321e-02
1.195028573274612427e-01
8.674515783786773682e-02
6.448476016521453857e-02
5.810310319066047668e-02
7.208920270204544067e-02
4.783904179930686951e-02
4.791486635804176331e-02
1.869414746761322021e-01
5.814579874277114868e-02
2.899860739707946777e-01
5.002459883689880371e-01
1.995369642972946167e-01
6.256213784217834473e-01
1.049180701375007629e-01
