-4.374119043350219727e-01
-2.996647953987121582e-01
8.515129238367080688e-02
-1.824116110801696777e-01
-8.201500177383422852e-01
1.045724675059318542e-01
-3.949128091335296631e-01
-1.667221784591674805e-01
6.381533741950988770e-01
-4.169116020202636719e-01
-2.771653831005096436e-01
2.494473010301589966e-01
6.966458261013031006e-02
-6.954327225685119629e-01
-3.112216293811798096e-01
-3.677913546562194824e-01
3.268316388130187988e-01
-3.746175169944763184e-01
-4.080716520547866821e-02
-1.604981422424316406e-01
-1.243871226906776428e-01
-6.637271046638488770e-01
-4.636249840259552002e-01
-1.274155497550964355e+00
-6.064537167549133301e-01
-2.195112556219100952e-01
-2.216331213712692261e-01
-1.869795471429824829e-02
-5.882424712181091309e-01
-2.146558165550231934e-01
-1.513885408639907837e-01
-3.792127072811126709e-01
-2.663335204124450684e-01
-1.279031038284301758e-01
4.676785829360596836e-05
-9.455318450927734375e-01
-2.170656770467758179e-01
1.943999677896499634e-01
-4.768825173377990723e-01
-4.275538623332977295e-01
5.085259079933166504e-01
7.868831753730773926e-01
-3.438019156455993652e-01
-5.345902442932128906e-01
1.988461986184120178e-02
-2.783398628234863281e-01
3.460670113563537598e-01
5.385724827647209167e-02
1.252624094486236572e-01
2.317322790622711182e-01
-7.455253601074218750e-01
-1.016348481178283691e+00
-6.212132796645164490e-02
-2.395802438259124756e-01
-4.212427437305450439e-01
-3.783012628555297852e-01
3.111037611961364746e-01
-4.200301766395568848e-01
-1.668877601623535156e-01
-1.092092275619506836e+00
-8.053017854690551758e-01
6.880335211753845215e-01
-5.212281942367553711e-01
-3.706640601158142090e-01
