-2.736768722534179688e-01
1.641268283128738403e-01
-9.093903005123138428e-02
-4.835728704929351807e-01
1.386392116546630859e-01
-4.614051058888435364e-02
-5.462570860981941223e-02
2.424259856343269348e-02
6.029834225773811340e-02
8.621605634689331055e-01
3.145982921123504639e-01
2.131986916065216064e-01
-9.000701829791069031e-03
1.677589118480682373e-01
4.639713466167449951e-02
3.774865716695785522e-02
-1.045028958469629288e-02
5.084844306111335754e-02
-5.063952878117561340e-02
-2.775593101978302002e-02
-9.127879887819290161e-02
5.231519937515258789e-01
2.705964632332324982e-02
-5.994734540581703186e-02
4.283656924962997437e-02
-1.551204919815063477e-01
-4.406690299510955811e-01
-4.688687250018119812e-02
-4.514121264219284058e-02
-2.471777610480785370e-02
-2.282008677721023560e-01
-3.940237686038017273e-02
-8.303153514862060547e-02
1.499501336365938187e-02
-7.768771052360534668e-02
1.303636133670806885e-01
1.370114684104919434e-01
2.593181096017360687e-03
-3.829024434089660645e-01
-2.987576089799404144e-02
-7.820365950465202332e-03
-3.431764617562294006e-02
-1.512278914451599121e-01
-5.491540580987930298e-02
4.344973713159561157e-03
