4.158892631530761719e-01
1.080081686377525330e-01
4.995835423469543457e-01
2.936912775039672852e-01
4.872207641601562500e-01
3.509941101074218750e-01
3.533377051353454590e-01
5.021339058876037598e-01
5.006247013807296753e-02
2.963949143886566162e-01
2.433934062719345093e-01
3.515414893627166748e-01
3.267903029918670654e-01
1.495077610015869141e-01
7.789827138185501099e-02
2.910501658916473389e-01
3.465454280376434326e-01
2.877271771430969238e-01
8.881004154682159424e-02
2.856447398662567139e-01
2.319425940513610840e-01
4.257620573043823242e-01
2.380325496196746826e-01
2.991764247417449951e-01
4.819263517856597900e-01
2.956005930900573730e-01
5.141012668609619141e-01
3.314764499664306641e-01
3.593789041042327881e-01
2.934038639068603516e-01
1.872540414333343506e-01
3.189415857195854187e-02
1.493350714445114136e-01
3.865025639533996582e-01
2.772120535373687744e-01
5.358197689056396484e-01
3.020986914634704590e-01
6.140634790062904358e-02
2.346424311399459839e-01
1.256847977638244629e-01
1.322007775306701660e-01
2.795037925243377686e-01
5.298523306846618652e-01
3.483387529850006104e-01
2.004446387290954590e-01
