3.526666164398193359e-01
2.009330540895462036e-01
3.100718557834625244e-01
2.319955825805664062e-01
4.321492910385131836e-01
1.866829842329025269e-01
8.622583001852035522e-02
4.092332124710083008e-01
3.446567952632904053e-01
4.106860160827636719e-01
2.334476113319396973e-01
2.026096135377883911e-01
3.463623523712158203e-01
1.573568433523178101e-01
2.160269320011138916e-01
2.126663029193878174e-01
3.546876907348632812e-01
3.097598552703857422e-01
1.506079733371734619e-01
3.998579084873199463e-01
2.241874486207962036e-01
2.087972909212112427e-01
2.122755646705627441e-01
2.621196806430816650e-01
2.962687313556671143e-01
1.880963295698165894e-01
3.158941566944122314e-01
4.879070520401000977e-01
3.257055580615997314e-01
3.113511502742767334e-01
1.004682034254074097e-01
1.868115812540054321e-01
1.622591614723205566e-01
3.214388787746429443e-01
2.551644444465637207e-01
2.528445124626159668e-01
3.484346568584442139e-01
2.750725150108337402e-01
2.913243770599365234e-01
3.121556043624877930e-01
2.113538384437561035e-01
3.932026922702789307e-01
2.499049901962280273e-01
1.737398952245712280e-01
1.591635942459106445e-01
4.019107520580291748e-01
3.299045860767364502e-01
3.130885958671569824e-01
3.011486828327178955e-01
2.848956584930419922e-01
2.738864123821258545e-01
9.818317741155624390e-02
1.373894661664962769e-01
7.390095293521881104e-02
1.807336360216140747e-01
2.422194331884384155e-01
1.809041500091552734e-01
4.304321706295013428e-01
7.368973642587661743e-02
2.648722827434539795e-01
4.171657860279083252e-01
4.279757440090179443e-01
5.782667994499206543e-01
3.064534962177276611e-01
