0.057542
0.017030
0.041105
-0.034092
0.024067
-0.021940
-0.076898
0.030751
0.005359
-0.008722
-0.004178
-0.062694
0.025969
0.011175
-0.007769
-0.027711
-0.078392
-0.034937
0.046025
-0.073767
0.036288
-0.049044
0.011069
0.015005
0.034817
-0.021342
-0.002011
-0.036077
-0.052241
0.040553
-0.076258
-0.000242
0.079974
0.071904
-0.052332
0.007459
-0.012551
-0.071344
0.055155
-0.022757
-0.012945
-0.062116
0.035354
0.062469
-0.014626
-0.002937
0.062576
-0.058478
0.039572
-0.080944
0.073588
-0.005268
0.068378
-0.079523
0.060291
0.079928
0.054567
-0.024011
0.010782
-0.063784
0.020904
0.074553
-0.015200
-0.001440
-0.014911
0.006082
0.011133
0.004794
-0.033741
0.067405
0.028105
0.014206
0.037415
-0.073518
-0.079086
0.041143
0.072848
-0.039238
0.034878
0.053294
0.029928
0.042405
0.076307
0.071339
-0.078546
-0.044576
0.062285
-0.073348
0.072952
0.036478
-0.047165
0.016668
-0.079813
-0.043100
-0.020206
-0.010950
0.079150
0.029557
0.029829
-0.042238
-0.023957
-0.026008
0.058503
-0.023009
0.066688
0.052507
0.077791
-0.080877
-0.043319
-0.035816
0.066927
0.018407
0.051674
0.064562
-0.049808
-0.024690
0.020507
0.043126
-0.026508
0.018991
0.042074
-0.033720
0.056868
0.071896
-0.081676
-0.052336
0.079758
0.016865
0.077935
-0.019377
0.022912
0.076490
0.025590
0.007238
0.015112
0.042978
0.075145
-0.078519
0.068901
0.024328
-0.027318
-0.031363
0.074508
-0.057952
0.002185
-0.024767
-0.042361
-0.008666
-0.050572
0.036443
0.027268
-0.069944
0.014940
0.025106
-0.001641
-0.013409
-0.064217
-0.038918
-0.019730
-0.074446
0.076703
0.058964
-0.029812
-0.045090
-0.031428
0.068731
-0.024988
-0.003561
0.070316
0.076971
-0.034710
0.039885
0.013232
-0.059907
0.061967
0.075966
0.075916
0.053456
-0.031514
0.075234
0.069232
-0.068337
-0.048297
0.057663
-0.026162
0.056204
-0.022725
0.028274
-0.028505
0.009437
-0.005843
-0.036894
-0.035584
0.036928
-0.019628
0.021640
-0.031392
0.035881
0.049551
-0.047704
-0.013070
-0.023106
-0.032631
-0.067228
0.012448
-0.016723
0.017237
-0.050613
-0.023822
0.013253
-0.004612
-0.002125
-0.040557
-0.024301
-0.042669
0.031248
-0.014817
-0.046135
0.055012
-0.002212
0.050270
-0.050532
-0.033418
-0.046844
-0.058481
0.003668
0.005359
0.042154
-0.030150
0.049952
-0.053755
-0.024259
0.009409
0.041466
0.052455
-0.043396
-0.046457
-0.038878
-0.006765
-0.079478
0.014823
0.011037
0.077195
-0.042127
0.029811
-0.008847
0.082013
0.035644
0.030681
-0.022367
0.054359
-0.030167
-0.050885
-0.014297
-0.058550
0.023989
-0.000432
0.027281
0.073618
0.068133
0.078977
0.022068
0.036806
0.042909
0.026969
-0.025251
-0.068329
0.016215
-0.045856
0.049289
-0.056299
-0.013957
-0.006475
0.080755
-0.007924
0.048512
0.071724
0.071263
-0.032884
0.041709
0.072695
0.041793
-0.005790
0.007835
0.042155
-0.058569
-0.065399
-0.061435
0.070055
-0.064982
-0.068915
0.032317
-0.065201
0.002246
0.077169
0.047884
0.049480
-0.061275
-0.059133
0.004957
-0.005908
0.038412
-0.029634
-0.076173
-0.033094
0.000606
-0.019334
0.051189
-0.064297
0.056179
0.016223
-0.012780
-0.036680
0.021544
0.076321
0.036022
-0.020440
0.006535
0.044231
0.012904
-0.073695
-0.018310
0.015120
0.064284
-0.067166
0.067928
0.039623
-0.048507
-0.037747
0.002020
-0.011045
-0.028267
0.048082
-0.039856
0.014159
0.047713
-0.079148
-0.060642
-0.000094
0.068902
-0.035782
0.006986
0.052230
0.065570
0.037102
0.066717
0.041615
0.028527
0.059041
0.010569
-0.037361
-0.031004
0.023572
-0.064834
0.081307
-0.006455
0.052193
0.044588
0.024633
0.036948
-0.050639
0.015917
-0.073069
0.028382
0.009019
0.081832
-0.001035
-0.025139
-0.038577
0.068549
0.076130
-0.025620
-0.039427
-0.071546
-0.001752
0.017407
0.063001
0.027205
0.070090
-0.054820
0.056864
0.072609
0.056033
0.038527
-0.059293
0.011427
-0.018517
-0.055102
-0.036664
0.024340
-0.066649
-0.020866
0.073918
-0.060551
0.050027
0.009712
0.039827
0.048272
0.074264
-0.000618
-0.041241
-0.059161
0.075756
-0.027056
0.033553
-0.053375
-0.047164
-0.005354
-0.040881
-0.035795
-0.045043
-0.036288
-0.002026
-0.060671
0.070521
0.054962
-0.019426
-0.005897
-0.058565
0.040874
-0.064918
-0.059532
-0.006292
0.004813
-0.044583
0.049271
0.061405
0.037754
0.043859
-0.014245
-0.045363
-0.074888
0.037792
0.049017
0.011607
-0.000970
0.059397
-0.047385
0.023268
0.030032
0.052896
-0.079852
-0.003134
0.054660
-0.015018
-0.052944
0.025854
0.062089
0.072068
0.065326
0.066981
-0.077463
0.001774
-0.008636
0.075424
0.057870
-0.052915
0.028778
-0.032585
-0.062218
0.056393
0.007348
0.072664
-0.013456
-0.053007
-0.027349
0.038084
-0.021735
-0.019522
0.068982
-0.016389
-0.011431
0.007419
0.034294
-0.021572
0.028419
0.037931
0.018266
-0.010195
-0.030479
0.051106
-0.072429
0.014007
-0.001047
-0.013011
-0.079185
-0.076456
0.073312
0.043770
-0.030778
0.025342
-0.053879
0.066132
-0.003284
0.049458
-0.059451
-0.054598
0.009968
0.069583
-0.067036
0.067459
0.077271
0.026321
0.036963
-0.077308
-0.016337
-0.078212
-0.055939
-0.051699
-0.005416
0.018107
0.073404
-0.014087
0.015241
0.063657
0.002622
-0.061189
0.021926
0.040411
-0.028113
0.070127
-0.030047
0.074599
0.025313
-0.049475
-0.069157
-0.028899
0.054074
-0.040512
-0.023009
-0.005663
0.075614
-0.039463
0.025553
0.067065
0.046390
0.018801
0.008572
-0.033786
-0.080940
-0.077148
0.072895
-0.034422
0.046109
0.068588
0.064971
-0.067138
-0.080739
0.010754
-0.058241
-0.079418
-0.028801
0.023052
-0.039397
-0.082111
-0.004384
0.077842
0.023847
-0.058969
-0.051469
0.011345
-0.074921
-0.067220
-0.019773
0.045235
-0.081772
-0.047045
-0.031477
0.025495
0.034740
-0.001201
-0.048753
0.019354
0.065990
-0.071305
0.035497
-0.013554
0.058020
0.001292
0.024008
-0.013540
0.007929
0.031924
0.044011
-0.044749
0.065755
-0.063403
0.001797
0.072099
0.049322
-0.074416
0.000923
0.004044
-0.078510
-0.036836
0.057026
-0.068047
0.005591
0.073590
-0.006943
0.018916
0.051502
-0.014682
0.051853
0.070352
0.025346
0.041353
-0.065040
0.018474
-0.069735
0.027067
-0.014455
-0.081061
0.012667
-0.000944
-0.081506
0.001414
-0.009793
-0.023987
-0.069380
-0.012915
0.064898
0.049499
-0.023099
0.056994
0.031979
-0.040386
-0.064636
-0.005486
-0.012180
-0.032178
-0.019917
0.024745
0.081261
-0.080200
0.059992
-0.038423
0.079551
-0.020131
0.026617
-0.016237
0.070416
0.016174
-0.050705
0.039282
0.056039
-0.071476
0.067316
0.025153
0.023468
0.080389
0.019148
-0.064344
-0.057221
0.017184
-0.001615
-0.031901
-0.000144
0.054429
0.009564
-0.002253
0.051848
-0.020565
0.008858
0.014969
-0.018529
0.047649
-0.000987
-0.069988
-0.053701
0.042347
-0.060846
-0.079011
0.062776
-0.010196
-0.064915
0.029778
0.038686
0.027962
0.025964
0.020099
-0.005011
0.005825
-0.046397
-0.018345
0.073952
-0.011423
-0.070001
0.021592
0.031488
0.019463
0.024645
0.035744
-0.015579
0.051090
0.002712
-0.009877
-0.005332
0.053202
-0.045461
0.056633
0.006474
-0.039758
-0.068178
0.063746
0.072223
-0.019373
0.018508
-0.063795
0.043779
0.007205
-0.046522
0.046823
0.006267
0.060683
-0.073778
0.003315
0.009040
0.058256
-0.005345
-0.068674
0.032944
-0.065140
-0.035717
0.075072
0.029311
-0.052274
0.016602
0.067005
0.052287
0.014255
0.028813
0.034522
-0.013466
0.003202
-0.023402
-0.029821
0.000210
0.042172
-0.061109
-0.011373
-0.074188
0.028877
-0.012326
0.042618
-0.060690
0.000507
-0.068440
0.063492
0.068077
-0.023100
0.017937
-0.021861
0.021323
0.031377
-0.039260
0.077652
-0.001773
0.053716
-0.064352
-0.049203
0.065993
0.026074
0.069670
-0.047609
-0.028411
0.075517
0.052664
-0.069519
0.054061
0.041314
0.027128
0.064411
0.042435
-0.068432
0.000051
-0.055781
-0.009013
0.060011
0.026500
0.027670
0.081643
0.014671
-0.065805
-0.022131
0.043567
0.017714
-0.030703
-0.024669
0.050181
0.050295
-0.034749
-0.025024
-0.028963
-0.061971
0.074558
-0.074527
-0.077473
0.031376
0.065929
0.079116
-0.026175
0.007419
0.015860
-0.078695
0.057204
-0.048161
0.066333
-0.057932
-0.013756
0.077158
-0.012922
0.057224
-0.037910
0.046345
-0.062866
-0.059561
0.076213
-0.038579
0.073802
0.024860
-0.014214
-0.053279
0.047590
-0.024893
0.019275
-0.058312
-0.073191
0.009342
-0.002365
0.065226
-0.011027
0.000124
0.067544
0.032827
0.074117
0.003805
-0.014385
-0.062617
-0.025132
-0.029297
0.068483
0.056288
0.016141
0.072606
0.046763
-0.009657
0.072232
-0.020073
-0.073072
0.014114
-0.058894
-0.055267
-0.036906
0.030330
0.044889
0.063693
0.062711
0.030261
0.062448
-0.031109
-0.017962
-0.062199
-0.018890
0.017768
-0.065662
-0.056656
-0.042882
0.043354
0.065293
-0.011767
0.026744
-0.074172
-0.062486
0.046713
-0.054520
0.057150
0.010396
-0.044605
0.010820
0.067558
0.079018
0.048730
-0.000303
-0.077111
0.068537
-0.034900
-0.077854
0.043181
-0.009482
-0.001078
0.005466
-0.063983
-0.070626
-0.014929
-0.070455
-0.008763
-0.040579
0.045428
0.012849
-0.051893
0.082051
0.012200
-0.049309
0.011012
-0.006769
-0.026024
0.045946
-0.072418
-0.042596
-0.031187
-0.045494
0.081282
-0.048026
0.015461
-0.045393
-0.000395
0.008892
-0.062672
-0.076344
-0.079979
0.036985
-0.014564
0.072533
-0.016765
-0.062494
-0.019236
0.028727
0.010661
0.026853
-0.059380
-0.018470
-0.051754
0.081983
0.025337
-0.023157
-0.069312
0.071812
-0.041561
-0.017354
0.006196
-0.014538
0.011412
0.073703
0.070384
-0.019174
0.056698
-0.063313
-0.001191
-0.078591
0.037827
0.080986
0.051820
0.043809
-0.065548
-0.026547
-0.072862
0.029634
0.039882
-0.061733
0.062760
-0.073015
0.019343
0.030846
-0.049902
0.065243
-0.021280
-0.064308
-0.057969
0.078651
-0.052497
-0.052872
-0.031698
0.040444
0.034147
0.044063
-0.060510
0.028620
0.030140
-0.045277
-0.073333
-0.023546
0.070490
0.017841
-0.062753
0.076531
0.047901
0.025895
0.041734
-0.013845
-0.051192
0.002761
0.050660
-0.074670
-0.028565
0.012189
0.054476
-0.064538
0.003531
0.016663
-0.002110
-0.042338
-0.063963
-0.055163
0.020785
-0.050385
-0.073557
-0.027590
0.076841
0.006208
0.000165
-0.078903
-0.062313
0.044605
-0.053824
0.029035
-0.022102
0.007057
0.020990
-0.062023
0.010897
-0.019409
0.066499
0.052747
0.042172
-0.068564
0.077556
-0.030786
-0.000671
-0.058763
0.071219
0.032264
0.074138
-0.008909
-0.028281
-0.004958
-0.000040
-0.065666
-0.064885
-0.009818
-0.001336
0.003158
0.010641
-0.046865
-0.033493
0.065677
-0.050494
0.002769
-0.041218
0.014415
0.009624
0.070724
0.073319
-0.037331
-0.016993
0.036630
-0.054538
-0.042364
0.005379
0.037056
-0.064848
-0.079381
-0.050444
0.016533
0.002744
0.052667
-0.048185
-0.064125
0.048570
-0.076071
0.057876
-0.035477
0.049718
-0.054925
0.069590
-0.036158
-0.008338
-0.034346
-0.064829
-0.059918
-0.038613
0.002216
-0.002934
0.039332
0.003262
0.043418
-0.012937
-0.028073
-0.066790
0.041470
0.045103
-0.027171
0.038799
0.025418
0.057631
-0.001407
-0.061399
-0.023240
-0.031958
-0.058312
0.035657
0.078477
0.081433
0.077691
-0.055454
0.063463
0.046517
-0.019107
0.044948
0.062102
0.004782
-0.047078
0.005936
0.038603
-0.045086
0.058309
-0.068499
0.058357
-0.052411
0.012218
-0.050621
-0.065372
0.059775
0.050668
-0.042039
-0.054017
-0.019925
-0.039782
0.042339
-0.037925
-0.018076
-0.044063
-0.045596
-0.042314
0.020487
-0.077422
-0.065420
-0.011609
-0.062466
0.006079
-0.036852
-0.062751
-0.005270
0.007417
-0.025421
-0.055507
-0.053657
0.017652
-0.042754
-0.030581
-0.046541
0.020605
0.050381
0.008289
-0.053855
0.045604
-0.073930
-0.027817
0.031022
0.052082
0.062995
0.026236
0.069387
0.082099
0.025723
0.049697
-0.031410
0.060413
-0.080139
-0.046660
-0.011940
-0.073118
0.066218
0.038601
0.018880
-0.028635
0.064894
0.054106
0.050274
-0.044444
-0.034969
-0.000783
0.022501
-0.042147
0.031540
0.047235
-0.031079
-0.022061
0.038474
0.042762
0.039371
0.013990
0.013279
-0.056582
0.023439
-0.032830
0.019130
-0.054381
0.037092
0.017932
0.067845
-0.027242
-0.034291
0.051358
-0.044258
-0.063193
0.075031
0.018526
-0.060531
-0.033338
-0.036909
0.046265
-0.068797
-0.069921
0.025720
-0.004362
0.013130
-0.032429
0.046013
-0.034200
0.018383
-0.073374
-0.072136
0.047885
0.063209
0.032613
0.030639
0.076139
0.049063
0.061602
-0.017308
-0.026076
-0.052263
-0.028966
-0.040919
-0.029930
-0.050573
0.034369
-0.065862
-0.062261
0.050960
-0.050233
-0.027948
0.011376
-0.071858
0.003530
0.075618
0.064132
-0.025083
0.076200
-0.011903
0.028863
-0.072171
0.045079
0.043061
0.039653
0.075990
0.068593
0.082273
0.014804
0.011698
-0.054104
0.023065
-0.019647
0.068985
0.014643
0.027856
-0.072096
0.068641
0.068381
0.055067
0.001535
-0.067463
-0.017786
-0.020512
0.045831
-0.065382
-0.031023
-0.021681
0.023650
-0.012585
0.067862
0.010693
0.016684
0.032384
-0.020386
0.019138
0.059898
0.075717
-0.065237
0.018562
0.026419
0.048307
0.041788
-0.028168
-0.018801
0.046062
-0.017148
-0.071356
-0.070110
-0.056728
-0.020914
0.038302
0.031276
0.005168
0.021724
-0.070316
0.068302
-0.002184
0.054464
-0.016553
-0.021770
0.068200
-0.005035
-0.068744
0.060903
-0.062165
0.012634
0.024617
0.012896
0.016122
-0.054955
0.039311
-0.050770
-0.068937
0.001185
0.055109
-0.048299
-0.018022
-0.068062
-0.055504
-0.078785
-0.070039
-0.016695
0.021122
0.028426
-0.072663
0.031233
-0.010826
-0.067365
-0.066406
0.079488
0.011407
0.009106
-0.051276
-0.055335
0.058080
-0.053856
-0.000171
-0.020639
-0.062208
-0.074623
0.062644
-0.044760
-0.067272
-0.019942
0.038762
-0.030565
-0.072644
-0.020647
0.018280
-0.030430
-0.013848
0.002340
-0.007493
-0.064694
0.018619
-0.050656
0.007525
0.002372
-0.064412
0.015901
0.006951
0.054146
0.038199
0.029273
-0.079600
-0.029409
-0.021493
0.035173
0.074031
-0.010219
-0.014941
-0.049483
0.057108
-0.066893
0.038620
-0.006852
-0.059304
-0.052398
0.073233
-0.056091
0.046771
0.016510
-0.014123
-0.043200
0.038996
-0.047201
-0.059269
0.050073
0.044217
0.041505
0.010995
0.050993
0.010254
0.001371
0.045637
-0.000543
-0.054716
0.037281
0.059097
-0.006616
0.026566
-0.029712
0.081555
-0.074115
0.062966
-0.043416
-0.058069
-0.076457
-0.029019
0.058538
-0.001344
-0.016686
0.015076
0.070580
0.030360
0.012045
0.039774
-0.027753
0.047062
0.045673
-0.067395
0.023729
0.077651
0.062408
0.047648
-0.047710
-0.010528
0.033362
-0.054125
-0.017204
0.009030
0.055052
-0.017618
-0.043712
-0.082150
0.080844
-0.063345
0.056163
0.044854
0.049462
0.040435
0.013479
0.034855
0.057101
-0.037957
-0.012979
0.057676
0.032755
-0.069308
-0.073111
-0.003606
0.001293
0.064488
0.018672
-0.047109
0.077521
-0.039834
0.066450
-0.034347
0.015974
0.078046
-0.041730
0.043497
0.055730
-0.015406
0.016836
0.037112
0.049501
-0.082091
0.010311
-0.046235
-0.018612
-0.047767
-0.019655
-0.078411
-0.036713
0.019368
0.033644
-0.081990
-0.022016
0.031980
-0.067889
0.035237
0.027613
0.029906
0.053369
-0.035965
-0.030683
-0.042253
0.081145
-0.040511
0.019209
-0.001956
0.025714
0.015733
0.025402
0.035128
-0.019127
0.056199
0.081197
-0.053228
0.014042
-0.028139
0.031219
0.041410
0.019778
0.075937
-0.011411
-0.055357
0.016194
-0.022763
0.012768
0.050488
-0.065491
-0.003494
0.068574
-0.068213
-0.063653
-0.063026
-0.054389
-0.035538
-0.058426
-0.055086
-0.034785
-0.022578
0.060753
0.040056
0.011866
-0.018108
0.023206
0.032902
-0.016450
-0.035148
-0.028212
0.020446
0.030696
0.041432
-0.026618
0.079648
-0.066178
0.069986
-0.072052
0.064009
-0.058928
-0.063119
0.053928
-0.007703
-0.003717
-0.068108
0.079336
0.014186
-0.076380
0.033555
-0.029806
-0.042960
0.081233
-0.029664
0.006772
-0.001779
0.014444
0.006946
-0.002838
0.010813
-0.037081
0.038312
-0.072537
-0.019491
-0.062897
0.026936
0.045092
0.064067
-0.002477
0.004548
0.026576
0.054106
0.061375
0.051716
0.042777
0.052383
-0.042922
0.071201
-0.063370
-0.080969
-0.002693
-0.050601
0.016510
-0.043942
-0.036566
-0.047861
-0.077812
-0.049365
0.007406
0.036002
-0.054427
-0.014800
-0.071663
-0.027492
-0.081460
0.040451
0.049014
-0.027487
0.071454
-0.062751
-0.019738
-0.071323
-0.052339
-0.006583
0.001336
0.043774
0.029255
0.066249
-0.019282
0.074287
-0.002773
0.017076
-0.040800
-0.012534
0.042144
0.018603
-0.067897
0.012294
0.030461
-0.016145
-0.054288
0.033348
0.029194
0.076411
0.071091
0.050352
0.050690
0.011145
0.073304
-0.056440
-0.005225
0.050985
0.020872
0.054423
0.012860
0.014420
-0.021201
-0.008243
-0.082306
0.032260
0.071656
-0.004808
0.068756
-0.046691
-0.059882
0.074768
0.020114
0.039745
-0.033376
-0.017129
0.066326
-0.030650
0.078622
0.002953
-0.016602
0.010431
0.043774
-0.020833
0.050132
0.037414
-0.033453
0.044548
-0.001640
0.079104
0.058689
-0.013379
0.030309
-0.009207
0.057153
-0.067533
0.016989
-0.008315
-0.048885
0.053495
0.077359
0.062192
-0.060350
-0.055966
0.051450
-0.062069
0.075123
-0.031959
0.031275
0.011490
-0.012919
-0.080432
0.039929
-0.029447
-0.051203
0.021560
-0.061024
-0.073041
0.063917
-0.027722
-0.076851
0.002751
0.017318
-0.013082
0.081623
-0.041338
0.079341
0.065405
-0.004791
0.058500
-0.043562
0.067152
0.060869
-0.034507
-0.055548
-0.032881
-0.053467
0.001935
-0.066734
0.003710
-0.010698
0.006148
0.058145
-0.081267
-0.003862
0.016431
-0.076569
-0.021835
-0.034013
0.020119
0.070549
-0.060318
0.070916
-0.042686
0.045202
-0.061882
0.054340
0.080048
-0.029877
-0.023083
0.012055
0.004142
0.081638
-0.076930
-0.061349
-0.056206
-0.016360
0.034881
-0.069472
-0.019322
-0.082215
-0.011376
-0.001544
0.074073
-0.059768
-0.081167
0.067431
0.051622
0.032568
-0.025800
0.006000
-0.041357
-0.081327
-0.045925
0.010450
0.025218
-0.059261
-0.049285
-0.021239
-0.027094
-0.065493
0.028584
0.034840
-0.072655
0.038331
-0.065444
0.014919
0.008916
0.070464
0.054831
-0.047701
0.047095
-0.024364
0.035876
0.071507
0.060241
0.005341
-0.047115
0.019225
-0.077079
0.059223
0.011384
-0.027144
-0.027576
-0.019935
0.050279
0.057387
-0.061128
0.077232
-0.035410
-0.042112
-0.031524
-0.054664
-0.024401
-0.073981
-0.050460
-0.068151
-0.038452
-0.019791
-0.039386
0.065993
0.022905
0.051633
0.080856
0.065921
-0.027526
0.054035
0.024052
0.079619
0.051978
0.076790
-0.028058
0.045563
0.006319
-0.014793
-0.004778
-0.075263
-0.039962
-0.036429
-0.023468
-0.005819
0.001177
-0.048784
-0.070207
-0.056405
0.000390
0.081438
-0.002474
-0.031039
0.024662
0.029427
-0.017150
0.061535
0.010017
-0.062597
0.025940
-0.076423
0.005133
0.069829
-0.016071
0.067184
0.063273
0.005840
-0.026483
-0.070073
0.008300
-0.046711
-0.000539
-0.026967
-0.040063
0.033956
-0.042904
-0.058987
-0.057276
-0.015875
-0.007967
0.013967
0.035971
-0.061833
-0.034132
0.014629
-0.034835
0.056146
0.017087
0.012386
-0.001341
-0.022192
-0.035865
-0.002952
-0.028179
-0.004031
-0.019865
0.047182
0.049167
-0.032389
0.046042
0.042928
0.040368
0.056962
0.069052
-0.058152
-0.040055
-0.029995
0.038065
0.079527
0.059966
0.031591
0.000314
0.068470
0.078356
-0.046042
0.016421
0.063762
-0.030748
-0.077526
-0.038256
-0.031724
-0.013247
0.048288
0.057066
0.041412
0.038948
0.056435
-0.010775
-0.064329
-0.060511
0.028985
-0.059847
0.031827
0.037097
-0.003388
0.002358
-0.049861
-0.063349
-0.027084
0.062343
-0.026745
0.066004
-0.027492
0.017104
-0.076608
-0.048479
-0.075979
-0.043017
0.006927
-0.052696
0.006113
0.012115
-0.071635
0.037463
0.021382
0.011800
-0.062439
0.049899
0.068643
0.029633
0.059352
0.007598
0.008959
0.048854
-0.000185
-0.046864
0.052660
0.001511
0.006762
-0.067199
-0.040853
0.006239
0.039417
-0.009839
0.068604
-0.068446
-0.067057
0.014592
-0.015363
-0.007947
0.060359
-0.057630
0.022821
0.026044
-0.060593
0.001777
-0.066494
-0.060166
0.077926
0.058978
0.038855
0.082476
-0.065081
0.071847
0.068583
0.020654
-0.072490
0.046235
0.014204
0.069136
0.048650
-0.043250
-0.035420
0.025262
-0.015700
-0.079500
-0.060434
0.002859
0.034923
-0.037832
0.045974
-0.026245
0.003739
0.017495
-0.031116
0.041705
-0.002833
-0.051153
0.073256
-0.071785
0.051534
-0.071449
-0.074007
0.076663
0.029951
0.043498
-0.065370
0.042765
-0.043537
0.078442
0.052349
0.044020
0.027010
-0.026132
0.064400
0.027462
0.020427
0.034534
0.014256
0.056811
-0.065468
0.007798
0.017553
-0.039938
-0.049164
-0.068564
0.004844
-0.043215
0.036417
-0.072330
-0.052795
0.081966
0.001134
-0.058299
-0.071645
-0.034610
-0.033238
-0.027200
-0.036087
-0.058369
-0.061313
-0.039239
0.033492
0.008321
0.013478
0.038149
0.030146
-0.013561
0.018177
0.039130
-0.065645
-0.034865
-0.007200
-0.021460
-0.041770
-0.034931
-0.024945
0.040937
-0.003554
-0.031902
0.015882
-0.025489
-0.070571
-0.071224
-0.011721
0.036295
-0.080132
-0.027314
-0.020546
0.003162
-0.072372
-0.056700
0.040667
-0.006588
-0.018354
-0.034887
0.028525
-0.021493
0.051576
0.065501
0.011727
-0.077876
-0.028543
-0.028290
-0.009470
0.012096
-0.049022
0.000356
0.080745
-0.047935
-0.075645
0.049166
-0.025517
0.028253
-0.078907
0.056433
0.063894
0.010102
0.025429
-0.025290
-0.079410
0.039468
-0.061171
-0.008941
0.062257
0.069215
0.028079
0.051519
0.044101
-0.073026
-0.075382
0.075966
0.053946
0.048419
0.025417
0.056157
-0.057741
-0.071824
0.008281
0.059688
-0.072379
-0.077810
0.077964
-0.074808
-0.040186
0.063354
-0.050295
0.000709
0.024145
-0.071454
0.031391
-0.022786
-0.036951
-0.068958
-0.031432
-0.033536
-0.033797
0.063981
0.072626
0.054920
0.043695
0.050264
-0.004382
-0.067439
-0.057270
-0.020006
-0.019095
0.074023
0.049504
-0.040621
-0.034971
0.046694
0.012079
-0.079425
-0.014198
0.072208
0.077541
-0.030433
0.028618
-0.028801
-0.025975
-0.063861
-0.008340
0.015896
0.001507
0.066189
-0.080742
-0.014923
-0.029367
-0.052240
-0.049284
-0.032111
-0.042232
0.032207
-0.019596
-0.051080
-0.068203
-0.019522
0.021780
0.031713
0.008289
0.038235
0.035407
0.019272
-0.002926
0.028782
-0.068818
0.013278
0.051025
-0.081463
0.005964
-0.080090
0.010202
-0.058502
0.017381
0.031207
0.047020
-0.060533
0.069708
0.077369
-0.005264
-0.060446
-0.043698
0.016631
0.013715
-0.081384
0.036476
-0.031013
0.081708
-0.065905
0.007801
0.064268
0.064802
-0.052123
0.061628
-0.067219
-0.007248
0.055148
0.045814
0.065499
0.035109
0.062683
-0.054365
0.012171
-0.044157
-0.058036
0.074439
-0.079080
0.016934
-0.046988
0.066006
0.000353
-0.035776
-0.005679
0.018976
-0.021929
-0.015940
0.081308
0.011717
-0.054878
0.082431
-0.001138
0.008639
-0.064051
0.018245
-0.039335
0.025556
-0.017238
0.003241
-0.035411
0.081830
-0.000194
0.022512
0.027341
-0.075374
-0.065680
-0.009548
-0.041277
0.012351
0.039038
0.078486
0.019885
0.058042
-0.070160
-0.041585
-0.048502
-0.021394
0.078972
0.050784
-0.004392
-0.065519
0.033032
0.028922
-0.029729
0.062150
-0.082008
0.046868
-0.039862
0.039329
0.021604
-0.039491
0.068832
0.031496
-0.007693
-0.042429
0.013542
-0.036288
-0.055863
-0.067434
0.006191
-0.058400
-0.006527
-0.034574
0.058483
0.020531
-0.071026
-0.020668
-0.001300
0.035098
-0.066413
-0.059359
-0.046998
-0.034534
-0.028542
-0.013836
-0.080107
0.006306
-0.026299
-0.037866
0.029826
0.053446
-0.015229
-0.066470
0.075334
-0.045869
0.025912
0.015213
0.003460
-0.050506
0.061348
-0.082049
-0.029933
0.033527
-0.071071
0.046344
-0.043016
-0.052333
-0.077442
0.066610
-0.040652
-0.063844
-0.080850
-0.009109
-0.007867
-0.001904
0.077254
-0.044044
0.081935
0.049580
-0.077635
0.040465
0.048383
-0.014903
-0.026865
-0.045024
-0.070520
-0.025351
-0.011759
-0.048673
0.016147
-0.018175
0.003133
0.048818
-0.036518
-0.019113
0.014371
0.059081
0.075221
-0.073126
-0.060713
0.052174
0.044974
-0.064058
-0.066324
0.062877
0.001026
0.028717
-0.043992
-0.013319
0.079252
0.046790
-0.022955
-0.025014
-0.055094
-0.030445
-0.012780
-0.011299
0.004695
0.006975
0.026107
0.078455
0.039505
-0.015403
0.026328
0.061507
0.018131
-0.064837
0.072527
-0.005822
-0.022624
-0.073905
-0.072898
0.005771
-0.066593
-0.052428
-0.059623
0.043432
0.003080
-0.012273
-0.002489
-0.070511
0.020973
-0.072467
-0.061981
-0.078015
0.065359
-0.014767
-0.058412
0.017120
0.070097
0.050136
-0.043007
0.040594
-0.065388
-0.021094
-0.045263
-0.039243
-0.032765
-0.057910
0.074220
0.064113
0.057380
0.009944
0.040219
0.074205
-0.069987
0.071725
0.016119
0.040935
0.035696
-0.057166
-0.072663
-0.010647
-0.034729
-0.042453
-0.032795
-0.039092
-0.014632
0.072263
0.026926
-0.027681
-0.005609
-0.048898
0.020558
0.061086
0.022757
0.027354
-0.052280
-0.038412
0.029689
-0.054096
0.074188
-0.030679
0.052512
0.065795
-0.054855
-0.070484
-0.053323
0.040817
-0.020606
-0.002185
0.043333
-0.067515
0.021061
0.029520
-0.070677
0.062103
0.078412
-0.030323
0.012111
0.082275
-0.055456
-0.021622
0.072843
0.050665
0.052656
-0.003368
-0.047072
-0.074365
0.074509
0.004232
-0.066601
-0.034146
0.034183
-0.032078
0.041788
-0.012118
0.002080
-0.011081
-0.053575
0.004308
0.068509
0.074654
0.015896
-0.069646
-0.006327
-0.035229
-0.040676
0.061715
0.013123
-0.067277
-0.078504
0.015765
0.015924
0.015715
-0.001807
-0.078005
0.005208
-0.010760
0.021737
-0.036523
-0.077998
0.052557
-0.006492
-0.067227
-0.072804
-0.034250
0.026184
-0.026381
-0.045287
0.025451
-0.078401
-0.008295
-0.047560
0.022273
0.010048
-0.010086
0.060522
0.001261
-0.013070
0.076316
-0.010306
0.048531
-0.044884
-0.007093
-0.022479
-0.074151
0.049319
-0.077879
0.042736
-0.025358
-0.048366
-0.075304
-0.078163
-0.058472
-0.047583
0.032107
0.081875
-0.037309
-0.080996
0.009966
-0.055553
0.011271
0.010262
0.079115
0.077820
0.064727
-0.045322
-0.037381
0.045690
0.012872
0.001574
0.044171
0.020497
-0.029412
-0.039598
0.046765
0.054957
-0.020207
-0.012265
-0.055575
0.049319
-0.030037
-0.000897
-0.074622
-0.047517
-0.059822
0.035351
0.023869
0.073042
0.058787
0.065931
0.039398
-0.063996
0.005473
0.018209
-0.030809
0.048435
0.039707
-0.000098
0.055412
0.026625
0.009066
-0.029924
-0.048601
-0.069987
-0.030500
0.054502
0.046220
-0.022976
-0.058733
0.078983
-0.002907
-0.013455
-0.041757
-0.041583
-0.013593
0.055396
0.027462
-0.066976
-0.030799
-0.025293
-0.072679
0.069766
-0.050232
-0.067420
0.039314
-0.007673
-0.020624
0.047104
-0.054553
-0.043123
0.012185
-0.036629
0.025897
-0.026566
-0.050860
0.010807
-0.007983
-0.020960
-0.000943
-0.043834
0.030539
0.043889
0.012070
0.040664
0.009730
0.073847
0.005292
-0.067822
-0.054822
0.023734
0.028852
0.036712
0.042692
0.018687
-0.010910
0.059462
0.062271
-0.048668
-0.039165
-0.005451
0.052109
0.047411
0.059298
-0.079443
0.009755
-0.030394
-0.071922
0.040909
0.044846
-0.066408
-0.072488
-0.030098
0.049094
-0.042609
0.046049
0.009762
0.060642
-0.018248
0.076986
0.030668
-0.037093
0.015182
0.029617
0.045607
0.042754
0.030354
0.062868
-0.067578
0.055655
0.045585
0.000581
0.010393
0.020239
-0.058842
-0.065495
-0.016040
-0.073724
0.056958
-0.031066
-0.081422
0.037542
-0.055953
-0.016030
0.012604
-0.045407
0.007602
-0.018055
-0.023859
-0.020056
0.005626
-0.039568
-0.015127
0.014687
-0.055188
0.076423
0.013223
-0.055216
-0.022653
-0.055664
-0.031009
-0.053816
-0.042434
-0.053270
-0.029748
0.041264
-0.037785
-0.031758
-0.019955
-0.045920
-0.025017
-0.076517
-0.038015
-0.031954
-0.018611
0.063902
0.059429
0.009931
-0.010730
0.031515
0.071313
0.080331
0.014621
-0.013334
0.037764
-0.004237
0.079994
-0.067711
0.076631
0.048950
-0.018452
0.019687
-0.045334
-0.025126
-0.005378
0.069674
0.050233
-0.059407
0.000361
0.070166
0.078389
0.004050
-0.042835
-0.058317
-0.018638
0.032292
0.017857
0.034521
0.057555
0.062050
-0.040396
-0.017256
-0.061053
-0.043540
-0.071202
-0.019942
0.019723
0.001299
0.043856
-0.014880
-0.025861
-0.072894
0.047151
-0.009214
0.052373
-0.003031
-0.022382
0.015576
0.081369
0.019981
-0.005534
-0.069519
-0.072774
-0.007365
0.035052
-0.078989
-0.013584
-0.033369
-0.026556
0.046355
0.064462
0.046970
0.020519
0.058342
-0.059970
-0.065475
0.043634
-0.009942
-0.022100
0.051519
-0.049718
0.048149
0.027058
-0.044199
0.006687
-0.021696
0.036541
-0.025920
0.005548
0.059328
0.056827
0.058956
0.080865
0.066299
-0.067896
0.069742
-0.035695
-0.054818
-0.026609
0.036971
-0.035068
0.032967
-0.067193
0.074479
-0.038954
0.035304
0.005843
-0.009698
0.043449
0.037836
0.004276
0.062195
-0.037639
0.032780
-0.032232
0.026035
-0.012163
-0.042742
-0.010231
-0.042100
-0.032465
0.063519
-0.025377
0.068351
0.074082
-0.030926
-0.026121
-0.046642
0.081283
0.036673
0.018150
0.037141
0.071012
-0.050108
0.054019
-0.069132
0.005299
0.024595
0.064287
0.063368
-0.064222
0.080308
-0.004646
0.033924
-0.007979
0.029145
-0.074767
0.021070
-0.018894
0.044091
-0.004867
0.025626
-0.070339
-0.066290
0.077554
-0.050896
0.019403
0.047792
-0.000654
0.065793
-0.001559
0.068469
-0.007725
0.069760
0.014090
-0.082095
-0.052681
-0.074463
-0.030760
0.009770
0.039377
-0.022487
0.044578
-0.036303
0.033422
0.081717
-0.064497
0.039881
-0.056457
-0.009908
0.037063
0.047320
-0.059953
0.023982
0.015770
-0.050696
0.051980
-0.055880
-0.033705
-0.004042
-0.027388
0.046625
-0.053966
-0.006179
0.031827
0.059132
-0.011878
-0.063721
-0.076411
-0.019994
-0.067450
0.080964
-0.016079
-0.071331
0.030282
-0.060265
0.040927
-0.070796
0.019282
0.069793
-0.065832
-0.064109
0.012731
0.074949
-0.071040
-0.054916
0.026886
0.033587
-0.041569
0.027200
-0.025153
-0.081940
-0.079043
-0.037892
-0.015709
0.077395
-0.036252
0.053060
0.034435
0.001046
0.078854
-0.075818
-0.042045
0.001372
0.028743
-0.064382
-0.047422
-0.064297
0.054577
-0.019298
-0.059329
0.045809
0.044516
-0.043015
0.010912
-0.056765
0.080156
0.051158
-0.030350
-0.042198
0.009641
-0.062877
-0.015433
0.069968
-0.068661
-0.070380
-0.059546
-0.050908
-0.071461
-0.044052
-0.054730
-0.046062
0.007797
0.081525
-0.060817
-0.018982
-0.053022
-0.051898
0.011824
0.075978
0.033535
-0.041441
-0.014153
-0.063908
-0.034773
-0.072822
0.065789
0.060561
-0.003861
-0.037343
-0.049741
-0.082159
-0.070704
0.030387
0.077414
0.056125
-0.034295
-0.015069
-0.048254
-0.054516
0.001672
0.005553
0.009857
0.005181
0.075582
0.054184
0.042901
0.052332
0.060661
-0.057733
0.082475
-0.081414
0.062565
0.080131
0.060787
-0.020845
0.079431
-0.042519
0.065544
0.041737
-0.006165
-0.007001
-0.075488
-0.044785
0.039651
-0.003413
-0.071858
-0.082312
-0.044935
-0.022160
0.067255
-0.018156
-0.022578
0.012900
-0.050781
-0.078227
0.048852
0.069130
-0.066698
-0.063031
-0.051003
0.042131
-0.069900
0.037535
-0.012451
-0.024447
0.004176
0.065741
-0.033397
0.047592
-0.035632
-0.080563
-0.004393
0.003899
-0.016193
0.034083
-0.037931
-0.053265
0.038317
-0.025851
-0.064070
0.005521
0.041572
-0.039695
-0.044728
0.000537
-0.019142
0.029658
-0.042630
-0.015506
0.041445
-0.040676
0.073107
0.027527
0.063843
0.023805
-0.028447
-0.022778
0.003694
0.004051
0.082000
-0.039310
-0.016215
-0.035577
-0.007190
-0.010742
-0.027144
0.042746
-0.006811
0.023097
-0.008166
-0.078948
0.070364
-0.010412
0.027316
-0.003163
-0.031956
0.064698
-0.003389
-0.045284
-0.033331
-0.041497
-0.054855
0.060427
-0.002188
0.021934
-0.004288
0.042884
0.010253
0.048696
0.024907
0.048569
0.075692
-0.038731
-0.078646
0.004866
-0.055561
0.048008
-0.011091
-0.078146
0.038638
0.074441
-0.007456
-0.051066
0.045551
0.068451
-0.024764
0.057357
-0.011098
0.059305
-0.023143
0.077176
0.042294
0.003171
0.043722
-0.009259
0.027646
-0.074854
-0.031460
0.054163
0.012601
0.079735
0.015379
0.023767
0.080699
-0.069208
-0.003102
-0.031953
-0.035439
-0.056233
0.042295
0.048760
0.065966
-0.019939
-0.022171
0.078028
-0.080259
-0.024342
-0.006495
0.080337
-0.011993
-0.006031
0.028443
-0.051943
-0.009167
0.047109
-0.072336
-0.014048
-0.082100
0.056616
0.045867
-0.053455
0.073089
0.051551
-0.016463
-0.048817
-0.081240
-0.010085
0.002871
0.067921
0.013543
-0.018311
-0.062801
0.024491
-0.032709
-0.042121
0.072165
0.011156
-0.079109
0.000504
0.029058
0.065615
-0.049659
0.033038
0.011066
0.081174
0.039733
0.014718
0.068420
0.042967
0.067187
-0.008156
-0.068515
-0.080747
-0.004729
-0.022176
0.057102
0.044164
0.079359
-0.067255
0.052489
-0.014667
-0.055655
-0.011329
0.030773
0.044390
-0.063868
-0.039788
0.037030
0.082010
-0.026999
-0.032148
0.082262
-0.072505
-0.075279
0.018910
-0.050309
0.013663
0.055652
0.064126
0.032327
0.076371
0.058676
-0.058718
-0.070126
-0.080872
0.014839
0.037669
-0.060572
0.010632
-0.018306
0.081881
-0.038645
-0.071451
0.061241
0.012903
0.064919
0.051137
0.017326
-0.068990
-0.021214
0.001526
0.046872
-0.008185
-0.015894
-0.000371
0.072635
-0.041158
0.014041
0.024466
-0.067659
-0.077151
-0.036946
-0.051105
-0.069296
-0.072655
-0.036875
-0.074369
-0.057559
-0.073676
-0.058196
-0.049772
0.053899
0.049648
0.038973
-0.034485
0.051672
-0.016085
0.007715
-0.020294
-0.028516
-0.000058
0.044882
-0.006105
-0.025976
0.012401
-0.080343
-0.025753
0.041079
-0.012769
-0.035950
0.033786
-0.062429
0.028982
0.000256
0.040636
0.000463
-0.068517
-0.074978
0.053256
-0.058965
0.007292
-0.075188
0.004385
-0.034208
0.058577
0.071055
-0.079340
-0.067518
0.016500
-0.026628
0.045697
0.079551
0.081179
0.012390
-0.011879
0.074373
-0.015508
-0.044100
0.049473
-0.049997
0.081162
0.071483
0.001155
-0.049655
0.050480
-0.061067
-0.042205
0.005417
0.025068
0.039936
-0.049813
0.035731
0.082274
0.067785
0.048448
-0.033944
0.020321
0.019049
0.032778
0.029580
0.010279
-0.051101
-0.044993
0.001439
-0.077692
0.073447
-0.004769
-0.045701
0.017022
0.047202
0.015936
-0.044395
0.019133
-0.065630
0.032220
-0.029031
-0.046281
0.069429
-0.034677
0.001868
0.008384
-0.012072
-0.013433
0.059889
0.041901
0.058559
-0.031213
0.043791
-0.053979
0.078467
0.010946
0.058636
0.077634
-0.040610
0.031887
0.053077
-0.036932
-0.077728
0.048748
-0.045075
-0.009719
0.056077
0.079707
-0.081732
-0.045065
-0.049629
0.027922
0.014668
-0.019924
0.002910
-0.050098
-0.006564
0.063923
0.065364
0.036210
0.042011
-0.001971
0.070849
0.074376
0.017084
0.018664
-0.011882
0.056269
0.038567
-0.041240
-0.052882
-0.025078
0.038014
-0.073552
0.018083
0.079248
0.024368
0.037138
0.062809
0.037805
-0.042288
0.055942
0.073384
-0.048363
0.077941
-0.020800
-0.071084
-0.070540
-0.048005
0.052696
-0.046977
-0.034835
0.035270
0.003093
0.041491
0.024994
-0.008630
-0.069072
-0.013998
0.065343
-0.015365
-0.039904
0.037755
0.038335
0.043104
-0.072534
0.030142
0.049509
0.006481
-0.027781
-0.012881
0.007588
-0.057941
0.030294
-0.079775
-0.072552
0.074082
0.029958
0.017965
0.024355
0.005438
-0.064383
0.040174
0.078525
-0.040516
0.016181
0.046902
-0.038290
-0.019744
0.073361
0.052607
0.015292
-0.037266
0.019408
-0.034918
0.045636
-0.056495
0.011082
0.001650
-0.047700
0.056291
0.026963
0.058883
0.015387
-0.036621
-0.032223
0.006595
0.047477
-0.037909
-0.080485
-0.004649
-0.050940
0.023361
0.022684
0.044322
-0.022434
0.008624
0.051276
0.015973
0.034395
0.047724
-0.070908
-0.058868
0.033590
0.069375
-0.052662
-0.012523
0.047178
0.054581
0.072837
-0.008088
-0.042401
0.008342
0.003185
-0.024920
-0.043841
-0.013173
0.030440
-0.002178
-0.011676
-0.078595
0.080189
-0.062957
-0.045734
-0.036062
-0.065847
-0.073182
0.011073
-0.063999
0.007859
-0.038298
-0.039670
-0.056001
-0.053559
0.050872
0.048794
-0.005775
0.058951
0.057580
0.008649
-0.023795
0.008540
0.032045
0.036034
-0.038899
-0.078447
0.079949
-0.029676
0.077096
-0.052965
0.001286
-0.030549
-0.056518
0.000110
-0.081080
-0.075087
-0.007245
-0.010414
-0.074880
0.022206
-0.021387
-0.045404
0.037843
0.060089
-0.041468
-0.005684
0.008535
0.000076
-0.004544
-0.073184
-0.075193
0.038533
0.081539
0.074963
0.012929
-0.029969
-0.010879
0.045826
0.021904
-0.024516
0.077011
0.054330
-0.081786
-0.058337
-0.006604
0.005416
-0.008800
-0.055243
-0.048657
-0.044357
-0.053188
-0.017661
-0.072036
0.002320
-0.011585
0.018098
-0.021043
0.004534
0.061817
0.068987
0.031024
-0.033209
0.071316
0.019190
-0.074275
0.068738
-0.027053
0.074319
-0.078688
-0.076121
-0.079253
0.056608
0.029258
-0.008525
0.045750
0.065219
-0.003194
-0.029268
0.061992
0.051541
-0.076075
-0.056080
-0.076736
-0.054145
-0.072692
0.012806
-0.049501
0.070420
0.011387
0.013505
-0.042225
-0.002178
0.066071
-0.056798
-0.003789
-0.076720
0.045620
0.030911
-0.002931
-0.058365
0.034243
-0.076462
0.050807
0.004004
0.051287
0.028160
-0.057224
0.007008
0.000549
0.043279
-0.004550
-0.076933
0.024438
0.037897
0.007556
0.037223
-0.048664
0.047406
-0.075912
-0.029758
-0.027111
-0.059078
0.001611
0.011828
0.061477
0.069323
0.022003
0.005915
-0.016375
0.064609
-0.008076
0.079256
-0.027379
-0.002175
0.035113
0.075442
-0.048273
0.027122
-0.011757
0.011707
0.046405
-0.001159
-0.074916
0.057934
-0.030685
-0.024793
0.042245
-0.016725
0.076492
-0.013885
0.008517
-0.002783
0.031549
0.067679
-0.017074
-0.053807
0.027181
0.078610
-0.015872
-0.057291
-0.066774
-0.017238
0.006295
0.041169
0.044350
-0.043244
-0.019892
-0.077823
0.063153
0.049795
0.051738
-0.032281
0.019428
0.070189
-0.020786
-0.058096
-0.008140
-0.046975
0.026418
-0.067503
0.013290
-0.042862
0.062580
0.029614
0.035759
0.061335
-0.060337
-0.046969
0.078281
-0.039865
0.050977
0.017157
0.058767
-0.055347
-0.071492
-0.044139
-0.010651
-0.035169
-0.043794
0.062603
0.011878
0.011751
0.031045
0.061569
-0.043431
-0.009096
0.022387
0.032046
0.012344
0.055247
-0.046917
0.029250
0.007026
-0.043052
0.057019
0.077770
-0.024247
-0.037377
0.023126
0.023970
-0.008609
0.008240
0.074081
0.048959
-0.072480
-0.063413
-0.012029
-0.030769
-0.054763
-0.006902
0.008424
-0.014646
-0.007324
-0.008329
0.004669
-0.037633
0.011715
-0.025566
-0.056886
-0.034304
-0.023930
-0.003035
-0.060124
-0.081819
0.015449
0.008150
0.069869
-0.038488
-0.046270
0.024723
-0.069351
-0.010697
0.067147
-0.024303
0.034825
0.044088
0.056750
0.028645
-0.049497
-0.080258
-0.054877
0.005649
-0.046683
-0.018397
0.016526
0.004183
-0.024489
0.080854
-0.026879
-0.051303
0.003465
0.007235
-0.031098
0.014729
0.018073
-0.003387
-0.076888
0.016114
0.060387
-0.063580
-0.044546
-0.021972
0.049798
0.027154
-0.062030
0.044981
-0.064817
-0.050042
0.001907
-0.056916
0.046438
0.022717
0.077485
0.071798
0.033864
0.062791
-0.073757
0.020980
0.079284
-0.045018
0.079582
0.042490
0.013814
-0.008282
-0.035664
-0.030798
0.064992
-0.058160
-0.037129
0.077147
-0.034532
-0.035874
0.040616
-0.050868
0.081844
0.055779
-0.081158
-0.014258
-0.007455
-0.016418
0.079660
-0.031275
0.067285
-0.045287
-0.033625
0.017761
-0.037521
0.066962
-0.030991
-0.063469
-0.026943
-0.052811
-0.031957
-0.037702
0.032267
-0.043256
-0.053619
0.063969
0.030031
0.080449
0.057548
-0.035738
-0.013929
-0.049834
0.046169
0.024084
0.016699
0.037279
-0.046403
0.013093
0.042395
-0.062447
0.067936
0.026456
0.074080
0.031353
0.006952
0.061572
0.063064
-0.061748
0.068175
-0.000952
0.053957
-0.021200
0.037026
-0.062603
0.030898
-0.062464
-0.025981
0.068334
0.044283
0.009422
0.012746
0.014741
0.017602
0.003813
0.034601
-0.048075
0.046430
-0.065933
0.014515
-0.013790
-0.015931
0.061855
-0.071070
-0.041613
0.046539
0.069662
0.057889
-0.070348
-0.013380
0.051699
0.018384
-0.067350
-0.044073
0.041677
0.051120
-0.050670
0.067697
-0.048463
0.046608
0.050658
0.006347
-0.062338
0.071082
-0.069766
-0.066796
-0.005496
0.081434
0.079513
-0.033902
-0.039585
-0.014468
0.013810
0.069757
0.052558
-0.075477
-0.032408
-0.080716
0.081143
-0.043120
0.037207
0.053952
-0.067658
0.005084
0.056873
0.037187
0.049785
-0.045642
-0.052250
-0.080619
0.071920
-0.058956
0.071231
-0.020610
-0.078047
-0.019159
0.038414
0.007423
-0.056393
-0.014024
0.049318
-0.019463
-0.022560
0.051508
-0.029246
0.018041
0.020651
-0.047206
0.025806
0.072175
-0.051967
0.051888
-0.074067
0.032465
0.048886
0.064795
0.018557
0.039547
-0.033284
-0.052589
-0.016075
-0.001094
0.019086
0.056711
0.004112
-0.031867
0.038111
0.056586
0.021998
0.042670
0.051534
0.080934
0.016861
0.042604
0.069983
-0.038752
0.011814
-0.035730
0.061772
-0.061498
0.031020
0.050059
0.042254
-0.076512
0.066452
0.001272
0.022324
0.067350
-0.004238
0.043426
-0.061943
0.061637
0.009456
-0.037511
0.031390
0.054671
0.001295
0.053787
0.016085
-0.060509
0.070894
0.016670
0.010760
-0.004006
-0.054318
-0.074426
-0.070005
0.077368
0.042771
-0.014488
-0.047794
0.029037
0.072873
0.007318
0.006878
0.074121
0.052958
-0.068434
0.065535
-0.003458
-0.037117
-0.046495
-0.044547
-0.060967
-0.037311
0.042846
-0.023480
-0.031860
-0.056553
-0.002861
-0.056260
0.066216
-0.049953
0.026789
0.012815
-0.060153
0.004975
0.027889
0.077448
0.030870
-0.039481
0.029476
-0.027267
-0.055044
-0.065766
-0.042764
0.020562
-0.039498
-0.071619
0.037129
0.051334
-0.022389
0.047388
-0.024357
-0.046917
-0.056158
-0.065155
0.048265
0.022084
0.035147
-0.054216
-0.058633
-0.062742
0.057751
0.012076
0.057378
0.005892
0.024203
-0.049785
-0.012509
0.023546
-0.040898
0.028759
-0.016317
0.009381
-0.052734
-0.076654
-0.040749
0.072393
0.058336
0.005428
0.008514
0.013652
0.036185
-0.009388
-0.063953
-0.059593
-0.010475
-0.079020
0.039831
0.012606
0.046642
-0.060090
0.076314
0.024693
0.077604
-0.075001
0.071038
0.062560
-0.039358
-0.014488
-0.031085
-0.048698
0.041845
-0.038969
0.036596
-0.046737
0.035031
-0.038192
-0.039342
-0.066773
0.039464
0.023437
0.055148
-0.046043
-0.022765
-0.032581
0.007299
-0.000546
-0.065137
0.033888
-0.054085
0.035862
-0.010426
0.068685
-0.019711
-0.033482
0.005985
-0.030314
-0.056155
-0.005318
0.037764
0.065817
0.024807
0.011797
0.075722
0.073993
0.014364
0.024556
0.081359
-0.015278
0.016019
0.068150
-0.053761
0.069015
0.048901
-0.068498
-0.075710
0.041842
-0.044986
-0.054681
0.023724
0.060320
-0.078555
0.066865
-0.021010
-0.069369
-0.075372
0.018963
-0.023092
-0.081388
0.040348
-0.072641
-0.008886
-0.008583
0.004487
0.049078
0.000692
0.066985
-0.021121
-0.046348
0.038817
-0.037397
-0.007702
-0.006884
0.060946
0.033077
-0.072293
-0.005602
0.071517
-0.063832
-0.012414
-0.019756
-0.071912
0.024105
0.069050
-0.006475
-0.078751
0.019044
0.074207
0.034866
0.034462
0.075375
0.061973
-0.030748
0.024972
0.029270
0.019376
-0.065330
0.022211
0.021060
0.037979
-0.021213
0.049047
-0.051599
-0.074792
-0.060701
-0.064558
0.077464
-0.059491
0.005646
-0.010172
0.030015
0.022872
-0.078973
-0.030825
-0.069605
-0.009253
0.049671
0.022997
0.000443
0.055096
-0.054682
-0.032247
0.009682
-0.005043
-0.024417
-0.067709
-0.052580
-0.034492
-0.014882
0.055183
0.046839
0.021288
-0.021434
0.081775
0.027500
0.022559
0.055947
-0.057958
0.011233
0.002148
-0.079685
-0.019626
-0.062153
0.076822
0.033532
-0.039325
0.048079
-0.048618
-0.057147
-0.065230
0.011166
-0.027785
-0.016971
0.015543
0.046535
0.010325
-0.067697
-0.067269
0.011604
-0.012265
0.059191
0.032615
0.023188
0.014390
0.003434
0.019390
0.068949
-0.024026
0.077410
0.038626
-0.027109
0.047301
-0.018953
-0.061990
0.018500
-0.028164
-0.045815
0.043399
-0.006969
-0.034866
0.040253
-0.055328
-0.017135
0.019919
-0.040362
-0.056075
0.035227
0.046777
0.039012
0.047980
-0.023983
0.007856
0.008525
0.061690
0.000303
-0.021356
0.040357
-0.062281
-0.063909
0.055192
0.000178
0.082065
0.070291
0.065048
0.080849
0.025398
0.064638
0.004880
0.042799
-0.033613
0.015498
-0.066665
-0.047870
-0.003297
0.047895
-0.073180
-0.037466
-0.001900
0.007011
0.021332
0.037608
0.032498
0.042985
0.006467
0.018574
0.018783
-0.030806
0.057398
-0.014740
0.038782
-0.046189
-0.018699
0.001293
-0.039526
-0.018840
-0.057288
0.067365
0.038022
0.003669
0.080559
-0.044150
0.060855
0.073323
-0.002832
0.038385
-0.045921
0.022799
0.036722
0.076353
0.075392
0.047319
0.068788
-0.063602
0.030563
-0.006798
0.052893
0.051563
-0.051480
-0.071798
-0.025394
0.030672
0.068172
-0.050773
-0.003033
-0.081086
-0.070492
0.053499
0.023155
-0.059942
0.043136
0.060739
0.017278
-0.000340
-0.011563
0.041400
-0.056800
-0.069141
-0.049680
0.009323
0.011706
-0.063084
-0.050023
-0.063403
-0.034735
-0.042327
-0.034701
0.043636
0.049772
-0.010033
-0.080383
0.003864
-0.046100
0.044221
0.043497
0.080220
0.054904
-0.040641
-0.054855
0.045432
-0.061832
0.012634
0.017501
-0.047921
0.010455
-0.036344
0.043814
0.079978
0.028166
-0.048361
0.077367
-0.071834
0.070221
-0.001651
-0.032171
-0.042780
-0.022559
-0.048101
0.042511
0.033385
0.026731
-0.027552
-0.067007
0.070806
-0.021726
-0.021841
-0.021680
-0.046344
0.038517
-0.067784
0.049744
0.061868
0.074682
0.007995
-0.070343
0.030656
0.021009
-0.012295
0.081158
-0.080359
0.024278
-0.045254
0.004042
-0.030110
-0.009681
0.040311
-0.041661
-0.039338
0.025543
0.058981
-0.008040
-0.052658
0.067227
-0.053314
0.029728
0.066300
-0.012165
-0.011592
0.072235
-0.058374
-0.046152
0.080870
0.054105
-0.039465
-0.036785
-0.013574
-0.025520
0.029949
0.059552
0.056587
0.077370
0.060145
-0.067958
-0.082446
0.000776
0.026886
0.011662
0.054754
0.025841
0.075268
-0.004764
-0.032309
-0.010803
-0.049051
0.057088
0.080994
-0.030456
-0.079430
0.026410
-0.081572
-0.072438
-0.016338
0.020477
0.032389
-0.019291
0.082178
-0.009790
0.072006
-0.026214
-0.008550
0.049974
0.012293
0.053507
0.000759
0.072557
-0.006197
0.042665
0.069827
-0.037350
-0.054396
-0.014020
-0.033688
-0.055511
0.002309
0.069332
0.079117
-0.048031
-0.007547
-0.048626
0.079847
0.015313
0.007341
-0.015259
-0.058850
-0.030553
-0.062258
-0.039073
-0.020237
0.015186
0.080503
-0.059111
0.001626
0.052917
0.063532
0.071644
-0.036781
0.079203
0.056026
-0.013684
0.016038
0.004593
-0.002104
0.070801
-0.028249
0.052252
0.019035
-0.015577
0.032396
0.050856
-0.059209
-0.002270
0.004314
-0.059058
-0.043900
0.028669
0.041721
-0.037976
-0.036115
0.074520
-0.037656
0.012024
0.076351
0.072050
-0.020803
-0.066539
0.062039
-0.021755
-0.072165
0.010599
-0.005587
0.009737
-0.019989
-0.003273
-0.012529
0.055863
0.043950
0.072467
0.013351
0.020928
0.010217
0.036496
0.001716
-0.035507
-0.076630
-0.032268
-0.012981
0.075790
0.011586
0.044524
0.056567
-0.062284
-0.073141
-0.078836
0.082320
0.054724
-0.071907
-0.019222
-0.034480
0.017253
0.077811
-0.015337
-0.043413
-0.016970
0.026323
-0.012118
-0.019502
-0.053575
0.064303
-0.014083
-0.049500
-0.046871
-0.035354
0.009223
-0.059499
-0.028397
0.064324
-0.072900
-0.055973
0.046017
-0.060109
0.049075
0.031774
0.003276
-0.032173
0.030954
-0.056867
0.053542
-0.080125
-0.030279
-0.035369
0.010155
-0.021056
0.016913
-0.067778
-0.061023
-0.054233
-0.009780
-0.059519
0.043364
0.026464
-0.007586
0.056481
-0.080342
0.063537
-0.035648
0.046393
0.024277
0.039793
0.036104
0.038876
0.067104
0.046942
0.049468
0.022426
-0.051873
0.022730
0.059394
0.041138
0.065369
0.019513
-0.074693
0.034365
0.058365
-0.059140
-0.022104
-0.039814
0.050284
0.023409
0.009119
-0.013071
0.073385
0.022497
0.030117
0.041451
-0.036115
0.064875
-0.014783
0.012735
-0.022808
0.030030
-0.029443
-0.075244
0.071682
-0.063471
0.076680
0.059982
0.035610
-0.027528
-0.013973
-0.009069
-0.054743
0.038807
-0.074439
0.060747
-0.032876
-0.063814
0.072114
-0.010000
0.060529
0.081624
-0.036722
-0.018546
-0.017136
0.061957
-0.021170
0.061644
-0.013554
0.023939
-0.020715
0.050192
-0.066623
-0.013015
0.063251
0.043647
-0.009073
0.038396
-0.038225
-0.075892
-0.019050
0.044027
0.062306
0.035170
0.047265
-0.012186
-0.071258
-0.047923
-0.040020
0.034349
0.075216
-0.006943
-0.056884
-0.008219
-0.031311
0.028157
0.047546
-0.011247
0.069181
-0.020044
-0.002124
0.014575
0.051519
-0.048081
-0.072789
0.072928
0.007731
-0.023289
-0.007972
-0.049702
0.039344
0.072054
0.070202
-0.010537
0.046182
0.042947
-0.021993
-0.053376
0.066621
0.028598
0.070749
-0.015562
0.046447
0.024212
-0.034060
0.055732
-0.041244
0.000812
-0.064139
0.068805
0.036631
0.064081
-0.050830
0.038063
-0.018822
-0.080889
0.018886
0.028881
-0.039780
0.072238
-0.006732
0.065538
-0.028678
-0.029655
-0.059234
0.049148
-0.021292
-0.039088
-0.064175
-0.006916
0.058106
0.048355
-0.050376
-0.077682
-0.025661
0.031414
-0.037576
-0.022217
-0.011378
-0.062537
-0.026145
0.051427
-0.017946
0.056507
0.007976
0.061438
0.021317
-0.028601
-0.045287
-0.021528
-0.069780
-0.038913
-0.010613
-0.082466
0.076348
0.019400
0.055474
-0.038928
-0.010665
-0.042048
-0.068734
0.066062
-0.055335
-0.065564
0.060310
0.037881
-0.015262
0.043215
0.051541
0.032027
-0.058032
0.015734
0.005721
0.007552
0.016033
-0.061943
-0.041859
0.012538
-0.080925
-0.014197
0.018493
0.025120
0.059474
0.022610
0.061342
0.042235
0.020729
0.015297
0.057213
0.003368
-0.003030
-0.011106
-0.051867
0.032782
-0.007053
0.012149
0.031082
-0.034050
0.067013
-0.056445
-0.052900
0.013436
-0.013107
-0.080762
0.076700
-0.040390
0.008628
0.044740
0.022369
-0.023039
-0.029020
-0.039987
-0.067076
0.042379
-0.050550
-0.015277
-0.021683
0.063653
-0.073281
0.017471
-0.008781
-0.072632
-0.006660
-0.002328
0.078121
0.063189
-0.033265
0.081647
0.031761
-0.035262
-0.021826
-0.009805
0.012697
0.066678
0.031832
0.004288
-0.027091
-0.003788
0.016004
0.048583
0.064934
0.056710
0.051250
0.045326
-0.032877
0.015615
0.072506
-0.055504
0.050082
0.042124
0.048209
0.010545
-0.027455
-0.062140
-0.037476
0.000127
-0.003323
0.061957
0.071280
-0.040377
0.064201
-0.040264
0.026660
0.069734
0.066747
0.031076
0.004940
0.045175
-0.047109
0.026974
0.036616
0.068935
0.025070
0.026092
-0.030080
0.077331
0.041901
0.061577
-0.001591
0.074634
0.021553
-0.069717
-0.055028
0.075117
-0.017127
-0.061481
0.072857
0.065684
-0.012452
-0.020731
0.003743
0.031561
0.006458
-0.042195
-0.046344
-0.030742
0.065491
-0.034104
0.021634
-0.013405
-0.025084
0.008689
-0.078037
-0.029009
-0.015483
-0.041327
-0.047611
-0.040902
-0.048034
-0.000754
-0.023475
-0.005698
0.065312
-0.063206
-0.034833
-0.068919
0.004510
0.058260
-0.069388
0.056783
-0.027595
-0.072597
0.072985
-0.042890
-0.043367
-0.051753
-0.035482
0.082359
-0.079683
-0.061548
0.035978
-0.055542
0.069524
-0.022644
0.055597
-0.025894
0.018875
-0.001801
-0.003797
0.028636
-0.007811
0.057122
0.026029
0.039334
-0.079362
0.037950
0.073578
-0.068043
-0.015020
-0.058207
-0.005833
0.041229
-0.021786
-0.005614
-0.066587
-0.002281
0.019977
0.005308
0.063063
0.037079
-0.073440
0.017527
0.058253
0.018104
0.081211
-0.009967
-0.042748
-0.081206
0.011172
-0.044830
-0.018712
0.037993
-0.033030
0.078524
0.026050
-0.013102
0.045262
0.002015
-0.055173
0.051428
0.043223
-0.075975
0.064276
0.042441
-0.001925
0.019137
0.043936
0.049493
0.080208
-0.059089
-0.071117
-0.049878
0.042972
-0.044022
-0.011324
0.071659
0.046642
0.076457
-0.052685
-0.009049
-0.057084
0.008977
-0.064171
-0.028341
-0.045091
-0.000424
0.034716
-0.054349
0.051769
0.010738
-0.067905
-0.053161
-0.002564
0.008956
-0.051446
0.068181
-0.044605
0.006626
0.054691
0.044580
0.045220
-0.048661
-0.058431
-0.036561
-0.011318
-0.061156
0.023233
-0.068569
-0.056748
0.031177
-0.020020
-0.020526
-0.022411
-0.078560
-0.061091
0.044617
0.026195
-0.013546
-0.044673
0.038996
0.013566
0.067677
-0.049713
0.067535
-0.063025
0.071199
0.064440
-0.061594
-0.077093
0.063054
-0.053803
-0.033750
-0.024245
0.044544
-0.066938
-0.080524
0.027966
0.040418
0.041339
0.068336
0.051076
0.009658
-0.080639
-0.082424
-0.035351
0.033215
0.019443
-0.030163
-0.056565
-0.075461
0.019849
0.053671
0.004069
0.056296
-0.044076
-0.055595
-0.033259
0.072249
0.053783
-0.001352
0.043691
0.023526
-0.001312
0.004632
-0.065765
-0.042974
-0.017894
-0.061507
0.058600
0.022049
0.028819
-0.072571
0.078162
-0.011961
0.034223
0.048813
-0.033058
0.080139
0.006023
-0.036744
0.060971
-0.004585
0.007474
-0.036556
0.051376
-0.047613
-0.027186
-0.062549
0.073096
0.048840
-0.041105
0.009970
-0.022296
-0.070721
-0.002760
-0.070530
0.047075
0.014109
-0.037106
0.057123
0.008637
-0.036004
0.067488
0.066048
0.022949
-0.048084
0.055870
-0.001004
0.053926
-0.021012
0.019471
-0.038699
-0.030163
-0.038090
0.011786
0.057594
0.016555
0.037126
0.003846
0.032912
0.013255
-0.008364
-0.016227
0.078774
-0.058649
-0.070741
-0.076790
-0.025594
0.018389
-0.040211
-0.022268
-0.029884
-0.061802
0.073571
0.046805
0.022800
0.081068
0.002941
0.004228
0.020323
0.014683
-0.006258
-0.070435
-0.023813
-0.069084
0.023925
-0.040533
0.060012
-0.075576
-0.011118
0.005292
-0.045334
0.011071
-0.051714
-0.074694
0.078960
-0.080269
0.009021
0.018845
-0.014240
0.067907
0.016602
0.021781
-0.038665
0.033758
0.016126
0.011273
0.011984
-0.052305
0.006691
0.074361
0.057291
0.081708
0.021340
0.036825
-0.035361
-0.063838
0.055129
-0.030668
0.036512
-0.020663
0.015732
0.064380
0.048940
-0.010848
-0.034402
0.046840
-0.055416
0.013722
-0.033932
-0.060803
0.040687
0.057182
0.023549
0.020225
-0.032130
0.040131
-0.067735
-0.075229
-0.062201
0.055720
-0.040732
0.051649
0.071042
-0.061277
-0.026224
-0.009813
0.026695
0.062204
-0.044953
-0.042798
0.078750
-0.005225
0.040571
0.006181
-0.066745
-0.012153
-0.064364
-0.057538
-0.001804
-0.054435
0.040658
0.015369
-0.080960
0.053466
-0.021045
0.074500
0.009107
0.025988
-0.015419
0.013343
0.054977
-0.016376
-0.078838
-0.070017
-0.036208
0.068020
0.051555
0.020345
-0.025431
-0.014466
0.006733
0.008261
0.070771
0.025243
0.026057
0.004129
-0.036218
0.081218
-0.029474
0.074147
0.042277
0.065104
0.007883
-0.036795
0.005455
-0.058688
-0.038232
-0.033221
-0.003780
-0.036237
0.021838
-0.080278
-0.056891
-0.061659
0.052811
0.064887
-0.030415
-0.068111
-0.056021
0.029676
-0.081017
-0.014075
0.071189
-0.032163
-0.011798
-0.019468
0.009128
-0.080617
0.032397
-0.020720
-0.059831
0.000224
-0.011439
0.063671
0.004993
0.007867
0.071224
-0.060071
-0.000447
0.004857
-0.028283
0.003007
0.070721
0.075811
0.014641
-0.030237
-0.036278
-0.021830
0.024474
-0.002861
-0.052230
-0.071894
-0.073832
-0.045875
-0.020805
0.003695
-0.073461
0.006393
-0.063227
0.031896
0.057321
-0.011653
-0.036852
-0.066218
-0.023148
-0.007199
0.079226
-0.008924
0.005880
0.040384
0.068247
-0.050607
-0.037919
0.044584
0.032399
0.060896
-0.017980
-0.028074
-0.061136
-0.081152
0.005902
-0.076456
-0.008108
-0.004698
-0.070987
-0.072533
-0.055446
0.067019
-0.006757
0.060404
-0.006488
0.008951
-0.015431
0.060749
-0.068216
0.069096
0.017468
-0.061759
0.071219
0.066325
-0.013480
-0.038460
-0.064942
0.070186
-0.048542
0.048466
-0.080969
0.070988
0.002574
0.071480
-0.015754
-0.019446
0.033650
0.059925
-0.052910
-0.053749
0.026430
0.023885
0.078903
-0.070972
-0.042700
-0.060065
-0.079230
-0.063068
0.062863
-0.046677
-0.062723
-0.025671
0.056211
-0.029350
-0.066180
0.024319
-0.001053
0.070518
0.019128
-0.028197
0.001009
-0.038607
-0.035337
-0.061032
0.080147
-0.049724
0.038355
-0.076302
-0.034878
0.075458
-0.014647
0.021837
0.023130
-0.002068
0.048246
-0.081517
0.027666
-0.080692
0.020036
0.025528
-0.067184
0.026590
0.061636
0.005144
0.008643
-0.050046
0.048427
0.066204
-0.018078
0.071278
-0.072768
-0.020116
-0.078450
-0.080044
-0.021822
-0.078059
0.013009
-0.013140
0.070895
-0.080821
-0.019037
0.046036
0.017636
0.031442
-0.077543
-0.058306
0.011553
0.026817
0.053785
-0.032870
-0.027449
0.043485
-0.002828
0.021107
0.069687
0.011879
-0.070215
0.055464
0.028007
-0.059226
0.014578
0.067189
-0.004380
-0.079678
0.031386
0.007387
-0.040262
0.009540
-0.014740
0.034564
0.073552
0.077144
0.041671
-0.013310
0.072944
0.026377
-0.076569
-0.043809
-0.005690
0.059124
0.003700
-0.020449
-0.078527
-0.065201
0.055443
0.020524
-0.074297
-0.034065
0.032641
0.030225
-0.058167
-0.047154
0.048692
0.021037
0.005933
-0.034278
0.004261
0.010980
-0.069756
-0.073258
0.038802
-0.022724
0.062060
0.001267
-0.037144
0.015967
0.020077
0.007880
-0.065724
-0.016251
0.078631
-0.009423
0.055971
0.027745
0.026382
0.015043
0.078167
0.065159
0.075232
0.007637
0.050597
-0.011402
0.074265
-0.042323
0.081023
0.049126
0.039936
-0.003785
-0.076345
-0.045698
-0.011573
0.010547
-0.044609
0.051713
-0.080116
0.035710
0.007606
0.070723
0.011435
-0.041465
0.045207
-0.054730
-0.011771
0.036066
0.017064
0.042512
-0.043058
0.046400
-0.005203
0.066539
0.072780
0.009440
-0.021858
-0.004168
0.005664
0.013287
-0.023531
-0.050502
-0.007372
0.013596
0.022652
0.008896
0.058392
-0.047797
-0.035769
0.080666
0.047887
0.028203
-0.069325
-0.061402
-0.034106
0.005964
0.027590
0.044103
0.009601
-0.075414
-0.074052
-0.035379
-0.054190
-0.017430
-0.023961
-0.018824
-0.071557
-0.037843
0.032919
0.005060
-0.068406
0.081177
-0.054030
-0.059181
-0.051154
-0.078044
-0.059180
0.009864
-0.064220
0.040602
-0.073497
0.002945
-0.075097
-0.015962
-0.064778
-0.050933
0.044977
0.028281
-0.081624
0.073685
-0.024459
0.061049
-0.023975
0.015853
-0.065848
-0.059328
0.026592
-0.037218
-0.081829
0.071833
-0.017007
-0.027130
0.004154
-0.050478
0.021901
-0.041703
-0.014186
0.078332
0.030734
-0.030560
-0.001953
0.026397
-0.058954
-0.046543
0.033272
-0.011425
-0.046355
0.032330
-0.052441
0.060539
0.030602
-0.008007
0.058467
0.067204
-0.056587
0.010123
-0.031021
0.014088
-0.051578
0.043070
-0.002619
0.056964
0.044943
-0.006757
0.007534
-0.020705
0.004563
0.037658
0.059530
-0.005773
-0.024239
-0.036997
-0.006075
0.071488
0.010445
0.078832
0.057499
0.008894
-0.026544
-0.019336
-0.068565
-0.020135
0.008927
0.080071
0.016962
0.044423
-0.016214
-0.038436
-0.015521
0.035507
-0.076298
0.008124
-0.056383
-0.001715
0.010956
0.005303
-0.018460
0.003470
-0.072540
0.014868
-0.005478
-0.069147
0.027440
0.074653
0.035034
0.053661
-0.024272
0.055976
0.079755
0.050272
-0.030661
0.049724
-0.049955
0.035396
-0.039067
0.042502
0.022519
0.068587
-0.025059
-0.031471
-0.052130
-0.002039
-0.038556
0.007632
-0.048602
-0.052638
-0.024885
0.032599
-0.069697
-0.045985
-0.031106
0.023244
0.016739
-0.005780
-0.064819
0.042008
0.064582
-0.064104
0.053398
-0.061110
-0.080566
-0.062341
-0.008375
0.048889
0.058313
0.036315
-0.060216
0.072891
0.058443
0.070752
0.044190
-0.037660
0.027900
-0.082476
-0.059925
-0.056278
0.060631
-0.057186
-0.008737
0.034978
0.034273
-0.079470
-0.039953
0.060093
-0.000833
0.025387
-0.081073
0.024094
0.075699
-0.023875
-0.001945
-0.025286
0.069136
0.064735
0.043100
-0.030978
0.075591
-0.074976
-0.027135
-0.044294
-0.053114
-0.025725
0.043660
0.074534
-0.024350
-0.078497
-0.026123
0.029245
0.020581
0.031049
0.059249
-0.056404
-0.002902
0.046683
-0.003981
0.019234
-0.040965
0.017798
0.035446
0.038841
0.003062
-0.001692
-0.020531
-0.053824
0.045360
-0.047988
0.030409
-0.062254
0.003259
-0.019328
0.056773
-0.032060
-0.061332
0.038428
-0.043069
-0.052993
0.022304
-0.035168
-0.066319
0.048642
0.008331
-0.058793
-0.068087
-0.018066
0.038034
-0.074739
0.067045
-0.041364
-0.001140
0.003594
-0.044972
-0.037425
-0.068023
-0.001766
0.012833
-0.074579
-0.014017
-0.028863
-0.002255
0.049030
-0.023078
-0.024147
-0.027451
0.012857
0.014575
0.009520
0.081573
-0.033697
0.052500
-0.009000
0.001275
-0.016242
0.057424
0.062157
0.007091
0.068825
-0.003904
0.027703
-0.019767
-0.041831
-0.066113
0.070088
-0.010129
0.006026
-0.048227
0.056975
-0.065626
0.042577
-0.075108
-0.075318
0.027209
-0.031857
-0.039583
0.057159
0.037562
-0.070997
0.022093
0.071313
-0.036569
-0.039718
-0.062741
0.065306
0.035214
-0.073850
0.008405
-0.045924
0.020462
0.008648
-0.054632
-0.071672
0.062841
0.014791
0.029415
-0.042462
-0.013489
-0.012455
0.028497
-0.060060
0.062273
0.015406
0.001996
0.029457
-0.014504
0.010096
0.040907
-0.077007
0.065303
0.072769
0.072760
0.028016
0.017320
-0.016968
0.078258
0.057514
-0.076525
0.006221
0.056703
0.055990
-0.055728
-0.071077
0.063794
-0.075527
0.069310
-0.042927
-0.053295
0.052354
-0.027246
-0.013248
-0.013918
-0.074630
0.017376
-0.027319
-0.014864
0.020334
0.072704
-0.026495
-0.006625
0.073252
0.055662
0.006269
-0.081050
0.046029
-0.012641
-0.073359
0.022212
-0.063853
0.068420
-0.006395
0.030264
-0.006202
-0.072694
0.075031
-0.056658
0.060513
0.002053
0.049283
0.065395
-0.060362
0.061405
0.049515
-0.026636
-0.033454
-0.018599
0.008271
0.030496
-0.032429
0.010641
-0.020722
0.046090
-0.010633
-0.009951
0.027452
-0.032798
-0.066120
0.005215
0.080123
-0.039905
0.056332
0.082156
-0.030860
0.079387
-0.000559
0.051105
0.009599
-0.069537
0.051358
-0.033841
0.064136
-0.041536
0.076570
0.001695
0.040013
-0.028803
0.033197
-0.053094
0.013313
0.023379
0.004729
0.021863
-0.047382
-0.018317
0.036871
0.056647
-0.080564
0.016842
-0.056969
0.015937
-0.062263
0.075164
-0.061194
0.001451
0.005907
-0.000095
-0.066040
-0.029206
-0.057947
0.025361
0.021078
-0.065094
0.025214
-0.049337
-0.053509
0.017577
0.051303
0.062518
0.033526
-0.082396
-0.074497
0.038081
0.023744
0.075735
-0.068807
0.055915
-0.049838
-0.016834
-0.021729
0.031855
-0.027244
0.047772
-0.079359
-0.027040
-0.027610
0.037019
-0.027365
0.073846
0.002469
0.020456
0.059320
0.052846
-0.064629
0.052951
-0.024403
0.009372
-0.075656
-0.045157
-0.037727
0.000120
0.008602
0.018577
-0.010901
0.077856
-0.042727
-0.004829
0.044404
-0.020138
0.017541
-0.073723
0.079056
0.061863
0.059231
-0.046416
0.050457
-0.019837
-0.065863
0.008748
-0.054416
0.069353
-0.074849
0.030655
-0.023293
-0.056742
-0.005167
-0.066090
-0.053217
-0.056015
-0.032936
0.080074
-0.076149
-0.081658
-0.035916
-0.042282
-0.002969
-0.005713
-0.039167
0.020581
0.068639
0.012666
-0.080623
-0.020139
-0.028550
0.067899
0.070171
-0.047594
-0.028609
-0.002202
0.030168
-0.079773
0.081731
0.082126
-0.041815
-0.071746
-0.049188
0.061468
-0.008918
0.077789
-0.072720
0.047769
0.009964
-0.004671
-0.033536
-0.008421
0.014723
-0.050319
0.061639
-0.004146
0.052551
-0.026328
0.005130
-0.062490
-0.001487
0.039459
0.030990
0.068698
0.050481
0.061797
0.026857
0.036262
0.072985
-0.067251
-0.062343
-0.016990
0.076542
-0.056738
-0.023265
0.024141
-0.040729
0.072564
0.080633
0.055441
-0.028527
0.021823
-0.027973
-0.080829
0.076271
-0.010041
-0.052616
-0.022702
0.045828
-0.026136
-0.040183
-0.024686
0.048275
-0.072536
-0.008282
-0.013205
0.074069
-0.032218
-0.052305
-0.030330
-0.011213
0.042391
-0.050026
-0.034313
-0.067748
-0.005084
0.078054
-0.023882
0.071620
0.004107
-0.041666
-0.013209
-0.056714
-0.007817
0.014706
-0.015547
0.059082
-0.061775
-0.074004
0.032682
-0.052113
-0.001312
-0.041738
-0.019726
-0.051243
0.033625
0.064869
0.031662
-0.016195
-0.076234
0.033637
0.007381
0.066364
0.076405
-0.003421
-0.079330
0.001797
0.012518
-0.007341
0.007964
-0.001640
0.070817
-0.055391
-0.040082
0.047416
-0.040521
0.000135
0.007377
0.014140
0.001407
0.081601
0.029489
-0.072556
-0.025969
0.019826
-0.025344
0.065543
0.014884
-0.041300
-0.002843
0.017099
0.013172
-0.035372
0.040349
0.008072
-0.025659
-0.022804
0.009357
-0.034589
-0.021615
0.069978
-0.009579
0.046890
-0.021591
0.030019
0.033731
0.002934
-0.076896
-0.071746
0.041242
0.063111
0.042048
-0.069571
-0.074596
-0.080699
-0.062887
0.004903
-0.010234
0.038514
0.063122
-0.048266
0.057104
-0.034288
0.009673
0.065805
0.058795
-0.063725
0.026404
-0.071784
0.007399
0.039030
-0.021369
0.012928
-0.062472
-0.067886
0.076845
-0.061422
0.026697
0.057405
-0.055909
-0.002094
-0.017015
0.081842
0.069910
-0.030312
0.054525
0.061184
0.003947
0.034467
0.047326
0.032503
-0.009592
0.058750
-0.075030
-0.048779
-0.078303
0.000638
-0.035750
-0.045715
0.012469
0.044705
0.050062
-0.046924
-0.031680
0.017621
-0.037076
-0.007652
0.044962
0.026900
-0.068242
-0.073214
0.069143
0.075422
-0.054387
0.046482
0.024906
0.000794
-0.068665
-0.026443
-0.074935
-0.047404
0.006913
0.063593
0.057308
-0.043194
-0.002696
-0.036730
-0.002426
-0.077710
-0.035980
0.011645
-0.044806
-0.042221
-0.070837
-0.065045
0.045724
0.057174
-0.079522
-0.039892
-0.065472
-0.061056
-0.071870
-0.062501
-0.029423
-0.053913
-0.002406
0.074373
0.025851
0.056389
-0.059084
0.045775
0.048860
0.004268
-0.025891
-0.016939
-0.012123
0.003487
0.043654
0.051145
-0.006878
-0.011329
-0.028727
-0.073696
-0.067821
-0.004824
0.020629
0.019555
0.036387
0.047474
-0.055200
-0.042003
-0.042838
-0.024119
0.052085
0.030700
0.029149
-0.023955
0.002191
0.051000
0.038000
0.078659
0.048992
-0.004044
0.011396
0.018902
0.055592
-0.044648
-0.035631
0.017985
0.060545
-0.019513
-0.028734
0.025428
-0.059859
0.024408
-0.036326
0.081917
0.000004
-0.001857
-0.032853
-0.045705
-0.076474
-0.048187
0.048298
-0.070584
-0.067486
0.042185
-0.065148
0.026939
-0.018542
0.038901
-0.068635
0.046068
0.012267
-0.032461
-0.070883
-0.030665
0.038450
-0.068401
0.023804
-0.077592
-0.007327
-0.052320
-0.071746
-0.006828
-0.040080
0.001276
-0.020410
0.050753
0.080092
0.053521
0.040748
-0.016589
-0.070800
-0.067282
-0.021015
0.059844
0.030509
-0.064940
-0.038286
0.061964
0.025068
0.020432
-0.022306
-0.051436
0.018295
0.021708
0.052343
-0.068926
0.055584
0.016118
0.061782
0.068198
0.076670
0.029730
-0.043707
0.043449
0.013357
-0.017068
-0.014646
0.023538
-0.061509
-0.063820
-0.001203
0.023027
-0.047681
0.019448
0.078003
0.069804
-0.022508
-0.049744
0.046531
-0.043466
0.056894
0.021787
0.044068
-0.055873
0.039025
0.072410
-0.061832
0.015970
0.076208
0.060331
0.050089
0.006352
0.057011
-0.030981
0.014561
0.050012
0.043127
0.069972
-0.071805
0.064361
0.026681
-0.012940
0.061415
0.007008
-0.014110
-0.046194
-0.060475
-0.061646
