-0.037999
-0.032257
-0.006474
-0.017152
-0.030127
0.005509
-0.062743
-0.063442
0.065608
0.070935
-0.077464
0.055631
-0.065983
0.028485
-0.058346
-0.057502
-0.058983
0.003631
-0.018471
0.049682
0.021244
-0.029132
0.042347
0.007939
0.075547
-0.026128
-0.070677
0.011995
-0.016955
-0.037606
0.068068
0.076290
0.072730
-0.063931
0.044198
0.041058
-0.014374
-0.025705
-0.068845
-0.074897
0.077063
-0.021337
0.052595
0.047530
0.064381
-0.077329
-0.016412
-0.068809
-0.064241
-0.003215
0.054334
-0.080354
-0.024486
0.075908
-0.010346
0.028648
-0.016386
-0.076371
-0.052313
-0.014739
-0.022328
-0.022214
0.067060
0.010990
-0.056515
0.032098
-0.037090
-0.028126
0.042324
-0.073813
-0.077454
0.045381
0.012122
-0.054381
-0.055534
0.073323
-0.052974
-0.018615
0.041615
-0.051873
0.040975
0.016534
-0.040141
-0.034708
-0.012469
-0.056571
0.034880
-0.054401
0.047643
-0.012221
0.050081
-0.003469
-0.008877
-0.011397
-0.051142
-0.078128
-0.046095
-0.003225
-0.068205
-0.000146
-0.008819
-0.037455
0.043024
-0.026572
0.041541
0.046903
0.063192
0.042344
-0.076115
-0.043265
-0.032530
0.016797
0.038229
0.058685
0.035897
-0.019455
-0.010994
0.068805
-0.044082
-0.063004
0.072996
0.039824
-0.037175
-0.046537
0.052421
0.008839
0.018206
0.029753
-0.027419
0.063206
0.030233
-0.052862
-0.049365
0.068693
0.040894
-0.005173
-0.075076
-0.061986
0.053994
0.043089
-0.028197
-0.044121
-0.001307
0.009649
0.068757
0.025543
0.047595
0.061325
-0.022895
-0.002699
0.009988
-0.021594
0.051914
-0.041628
-0.072357
-0.077624
-0.035733
0.000816
-0.046751
-0.052755
0.030070
0.058140
-0.039110
0.075977
0.076322
0.058424
0.025666
0.015065
-0.036781
0.012209
-0.017643
0.009046
0.007783
-0.057587
-0.062791
0.060325
0.047335
-0.077643
-0.077636
-0.061057
-0.027013
0.044331
-0.016192
-0.068027
0.062447
-0.029171
0.052351
-0.050198
0.070431
-0.011669
-0.002113
-0.030553
-0.031498
0.059852
-0.004959
0.058779
0.028596
-0.061380
-0.008670
0.064896
-0.009154
0.008356
-0.054600
-0.074533
0.045076
-0.074925
0.039839
0.028548
0.047893
0.074139
-0.026868
0.066901
-0.044075
-0.073404
-0.042904
-0.055507
0.033644
0.034291
-0.024930
0.081089
0.041647
0.031684
0.025437
0.079664
0.076332
-0.013131
0.030700
-0.047919
-0.013697
0.069674
-0.014830
0.021904
0.061877
-0.074786
-0.029552
0.017753
0.008230
0.079887
-0.012809
-0.053103
0.068911
0.068053
0.032718
-0.061131
-0.011062
0.062571
0.014057
0.033400
0.005575
0.028550
-0.037269
-0.067396
-0.005362
0.003320
0.010220
-0.061816
0.025387
0.050907
0.047100
-0.029059
0.065186
0.075871
0.006520
0.080276
-0.012027
-0.017726
0.079050
-0.050627
-0.025705
0.076873
0.026991
0.055244
-0.026520
-0.054198
-0.064581
-0.077327
-0.024165
0.039913
-0.024796
0.082378
0.066640
-0.065474
0.076995
-0.023411
-0.015974
-0.035476
-0.073650
-0.012388
-0.054307
-0.048541
-0.066071
-0.024179
-0.073910
0.040042
0.057857
-0.056002
0.001896
0.054987
-0.070972
-0.063769
0.081057
-0.011930
-0.075756
0.063889
0.024860
-0.022734
-0.045848
-0.021267
0.067952
-0.079149
0.054053
0.037454
-0.010586
-0.012258
-0.051084
0.036577
-0.081858
0.031306
-0.066558
-0.015834
0.011072
0.018127
0.003870
-0.020698
0.002824
-0.033470
-0.071192
-0.052910
0.004461
-0.017580
-0.050002
-0.028362
-0.047868
-0.060487
0.045767
-0.077835
-0.067952
-0.080340
-0.017793
0.041816
-0.002609
-0.035716
0.012060
-0.002467
-0.010646
-0.022384
-0.058220
0.029252
-0.000663
0.067195
-0.005218
-0.004589
-0.008601
-0.074590
-0.059440
-0.022029
-0.069421
0.033737
0.039060
0.003481
-0.007828
0.064304
0.049857
0.000525
-0.069982
-0.081723
-0.025310
0.080052
-0.005567
-0.074734
0.046836
0.075958
-0.051500
0.068688
0.043902
-0.011813
-0.029789
0.014742
0.079648
0.056045
0.054590
-0.081473
0.047162
0.067081
0.049605
0.034450
0.026296
-0.054947
0.007467
0.053881
-0.013258
0.069985
0.010204
-0.067001
-0.050725
-0.022637
-0.072684
-0.048403
-0.051540
-0.043913
0.011732
0.013783
0.000073
-0.069442
0.023044
-0.036399
0.015733
0.055754
0.019760
-0.018485
0.033733
0.037296
0.037192
0.078176
0.023194
0.025125
-0.021717
-0.058589
-0.081264
0.037304
-0.041619
0.016538
0.004983
-0.068131
-0.064535
0.009731
-0.034952
-0.005392
-0.018170
-0.033432
0.034890
-0.000396
-0.069172
-0.007935
0.064459
-0.057939
-0.047703
-0.003826
-0.078124
-0.005385
-0.029422
-0.039007
0.015310
-0.021107
-0.052222
-0.010957
0.052813
-0.077208
0.036193
-0.062424
0.022854
-0.011787
0.080774
-0.062680
-0.026472
-0.050654
-0.051998
-0.031637
-0.025284
-0.045684
-0.077159
0.053033
-0.026810
-0.057930
-0.069427
-0.057008
0.024917
-0.081372
0.065491
-0.054333
-0.051540
-0.082397
0.020079
-0.077651
0.061004
0.038746
-0.061142
0.078902
0.030799
0.066577
0.058167
0.031718
0.019278
0.080054
0.014749
-0.076971
-0.024480
-0.064916
-0.046903
-0.009227
-0.023260
-0.026476
-0.079702
0.012628
-0.051553
0.045530
-0.011501
0.081785
0.071942
0.071355
-0.037230
-0.076142
0.067888
0.058199
0.045259
0.011562
0.017171
0.068439
-0.067754
0.036906
0.026411
-0.053627
0.013743
-0.050280
-0.048332
-0.052443
-0.074880
-0.052520
0.077793
-0.081401
-0.048502
0.029507
-0.065854
0.014204
-0.040536
0.066773
-0.071514
-0.035020
-0.006444
0.011233
-0.018047
0.007475
-0.059191
0.027250
0.047454
-0.002865
-0.013190
-0.062776
0.057160
-0.006494
0.080656
-0.060821
0.061702
0.082049
-0.069572
0.073998
0.001222
-0.032111
-0.052900
0.039541
-0.077883
-0.043006
-0.042911
0.025689
-0.045800
-0.023782
-0.055094
-0.048640
-0.052749
-0.067470
0.015312
-0.059582
0.066901
0.063439
-0.054522
0.023245
-0.014438
0.076162
0.049025
0.079553
-0.036071
-0.018871
-0.049811
0.071223
0.054195
0.052230
0.072220
-0.044999
0.059445
-0.004619
0.072747
-0.043977
0.006009
-0.009794
0.023783
0.018451
-0.007433
-0.055375
-0.009887
0.046137
-0.010970
0.078194
-0.063397
-0.019141
0.020704
0.023881
-0.002665
-0.077230
0.028564
0.041805
0.033734
-0.011667
0.005497
-0.046264
-0.009475
0.078443
-0.063811
0.066924
-0.029431
0.040780
-0.069839
0.026376
-0.053384
-0.070960
0.062721
-0.068450
0.015620
0.027283
-0.003682
-0.060837
0.045894
-0.078831
0.068315
-0.073901
0.020705
0.071944
0.060766
-0.075470
-0.040603
0.041649
0.001389
-0.007756
0.006764
-0.021671
0.020071
0.071222
-0.026560
0.064975
-0.080421
0.041754
-0.064573
-0.038960
0.058404
-0.059055
-0.060232
-0.004312
-0.035203
0.023241
0.075962
0.079731
-0.068067
0.027287
0.081488
0.016749
-0.017500
-0.057785
0.035005
-0.027140
-0.007637
0.076572
-0.006605
0.014901
0.049405
-0.013753
-0.079273
0.032972
-0.038866
0.019285
-0.001944
-0.011047
0.022935
-0.008254
0.036405
0.005499
0.024826
-0.058434
0.037980
0.076176
-0.056404
0.037327
0.051694
-0.059444
0.039108
-0.071207
0.007253
-0.052215
-0.064057
0.028171
0.048576
0.060092
-0.077039
0.065659
0.052507
0.038351
-0.002022
0.004196
-0.070580
-0.064946
0.053130
0.066240
-0.015727
-0.063262
0.033776
0.012709
0.063215
0.043514
-0.046818
-0.045747
-0.042479
-0.015168
0.009003
-0.079904
0.008207
-0.020006
-0.072375
0.081356
-0.008992
-0.006599
-0.081295
0.007686
0.042138
-0.073259
0.009197
0.054478
-0.007731
0.037056
-0.079497
-0.036674
-0.015118
0.047154
-0.000555
-0.043551
0.081783
0.060362
-0.049022
-0.045397
0.033675
0.068644
0.048371
-0.052989
-0.077882
0.042022
0.062223
0.075730
0.052260
0.058454
-0.008021
0.007234
0.062427
0.025834
0.064735
-0.029607
0.080893
0.037580
-0.050683
0.009222
-0.030641
0.076026
0.035930
0.034886
-0.047015
-0.018054
-0.018411
-0.001580
-0.001835
0.070116
-0.027002
0.047767
-0.061112
-0.013073
0.029418
0.030885
0.028996
0.011905
0.080918
-0.006290
-0.054597
-0.066264
0.028018
-0.056807
0.072127
0.037564
0.035509
-0.035090
0.039499
-0.071113
-0.022308
-0.075211
-0.034581
-0.001221
-0.000428
0.076706
-0.029305
0.032345
0.051044
-0.030696
0.072053
0.026360
0.014597
0.077741
0.019372
0.050096
0.033336
0.026768
0.014727
0.034192
0.064333
0.077174
-0.009946
-0.074608
-0.003417
0.014052
0.007255
-0.048410
-0.002160
0.018971
-0.062814
-0.059888
-0.002858
-0.052617
-0.024273
-0.025364
-0.064116
-0.049700
-0.029634
-0.066725
0.006501
0.064099
-0.027967
0.061016
-0.030530
-0.060873
-0.017450
0.048394
-0.037663
-0.015513
-0.057095
-0.049028
-0.011178
0.020116
-0.075864
-0.046644
0.041201
-0.031143
-0.072775
0.058220
-0.032848
-0.073592
-0.069200
0.001777
-0.022516
0.069716
-0.042098
-0.037692
-0.019339
0.070090
0.049309
-0.001404
0.040790
0.041653
0.010021
-0.016627
-0.029151
-0.048540
-0.060098
0.022169
0.022836
-0.057763
0.022071
0.047264
0.050934
-0.071785
0.070268
-0.008922
-0.014226
0.080988
-0.061387
0.049475
-0.077426
0.023029
-0.073422
-0.015068
0.026207
0.011537
-0.021880
-0.068881
0.032181
0.061807
-0.036281
-0.043552
0.074437
0.032198
0.024296
0.045802
-0.078865
0.017094
-0.041251
-0.005783
0.072372
-0.011678
-0.004361
-0.008839
0.026874
0.057821
-0.050845
-0.080285
-0.041004
-0.045602
0.077788
-0.016320
-0.034062
-0.018631
-0.057658
0.017585
-0.005791
-0.021193
0.021048
-0.039113
0.047519
0.049153
-0.070348
0.076844
-0.067493
0.067523
-0.067780
-0.017025
0.045916
0.037498
0.069676
-0.014876
-0.050175
0.048497
0.008033
0.019945
0.004900
0.067097
-0.023777
0.042902
-0.015742
-0.026232
0.067744
0.057818
-0.077660
0.068196
0.055026
0.010806
0.039746
-0.074949
-0.013899
-0.047475
-0.032690
0.043269
0.050288
-0.004844
-0.054945
-0.042739
-0.080346
-0.058778
0.013718
0.025579
0.018397
-0.036589
-0.080597
0.065659
-0.015971
0.019831
-0.073872
-0.054155
-0.040569
-0.047662
-0.062840
-0.041541
0.052619
0.008472
-0.035146
-0.069348
-0.016978
0.056411
0.061524
-0.038001
0.058343
-0.015794
-0.023839
-0.007892
-0.024755
0.054047
0.051836
-0.054825
-0.023000
-0.002190
0.033717
0.028997
-0.009878
-0.062153
-0.064768
0.018266
-0.031850
-0.011336
0.055114
0.017574
0.017625
-0.058766
0.038793
-0.060406
0.070453
0.020554
-0.025171
-0.029002
-0.006642
-0.047451
-0.072442
0.033846
-0.049579
-0.025094
0.020638
-0.047529
0.074205
-0.025703
0.054258
0.068245
-0.018439
-0.062911
-0.080749
0.082030
0.057100
0.010333
-0.035042
-0.058862
-0.020594
0.071943
-0.052039
-0.070739
-0.058929
0.056438
0.005324
0.025641
-0.044874
-0.026265
0.045982
-0.006408
-0.075118
0.044002
0.037191
-0.067244
-0.082374
-0.013502
-0.032289
0.055549
-0.034435
-0.071110
0.023728
0.053507
0.024513
0.024227
0.014979
0.003621
-0.042726
-0.010144
-0.014347
-0.005833
-0.020661
0.077568
-0.066412
0.035317
-0.057560
-0.013242
-0.052728
-0.081635
-0.067715
-0.071829
0.023867
-0.026097
0.014179
0.078246
0.072353
-0.014871
-0.005155
-0.058623
-0.080239
0.019693
-0.035427
0.038827
0.050565
-0.019887
-0.027751
0.065875
-0.023957
-0.046991
-0.065906
-0.007814
0.074602
-0.041798
-0.067230
-0.080202
0.008178
0.061564
0.012707
0.050395
0.000768
0.039933
-0.047281
-0.020086
0.024692
0.053862
-0.040917
0.023797
-0.063482
-0.042147
-0.073223
-0.065918
0.023491
0.026266
-0.070125
0.053860
-0.003637
-0.022750
-0.072863
-0.059826
0.038149
0.016561
-0.057825
-0.033858
0.012363
0.041677
-0.006307
-0.003272
0.054775
-0.032199
-0.037860
0.015705
0.034670
0.044924
0.071338
0.072032
0.074293
-0.017626
0.044804
-0.046882
0.062237
0.030633
0.021120
-0.054338
-0.045664
-0.076768
0.021708
-0.037268
-0.037334
-0.009629
-0.041129
-0.061286
0.018971
-0.059564
-0.049193
0.000631
-0.034031
0.046442
-0.028351
-0.012903
0.063491
-0.068821
-0.009802
0.003128
0.075406
0.045464
0.068704
-0.072297
-0.076883
0.030378
0.009208
0.072220
-0.048774
0.059090
0.071397
0.050862
0.066963
-0.020122
0.058647
-0.061079
0.027930
0.000479
0.009923
0.066740
0.060009
-0.015390
0.069927
0.014876
0.047906
-0.056256
-0.061233
0.028970
-0.010379
-0.007724
0.054989
0.012741
-0.082389
-0.019288
0.042250
-0.080586
0.042300
0.028512
-0.059855
-0.081053
0.053563
0.065327
0.005220
0.030115
0.038620
0.040623
-0.058376
-0.012829
-0.055869
-0.069103
0.034652
0.012860
0.057040
0.063132
-0.025843
0.029097
0.063924
0.017530
0.007159
-0.034542
0.043426
-0.057998
-0.008184
-0.076532
0.021812
-0.006640
-0.020543
0.077115
0.020721
0.079290
0.080722
-0.041559
-0.073303
-0.066138
-0.082240
0.052836
0.036793
-0.017234
0.008093
0.060148
0.064568
-0.049139
-0.053506
-0.041978
0.007771
-0.033463
0.051918
-0.014285
-0.043613
0.071852
-0.044942
-0.007482
0.030564
-0.032120
-0.004510
0.055829
0.058525
0.004469
0.054270
-0.052638
0.013292
-0.012599
0.035598
-0.010371
0.017345
-0.027278
-0.027164
-0.051881
-0.001634
0.036152
0.035499
-0.005078
0.044065
0.081298
-0.045758
-0.048853
0.056922
0.046146
-0.011840
-0.049689
-0.015953
-0.015944
-0.018458
-0.053531
0.039491
0.055740
0.058482
0.004464
-0.029654
-0.056987
-0.081029
-0.014105
0.039515
0.015416
-0.013714
-0.002052
-0.012039
0.059694
0.020745
0.009109
0.024955
0.068880
0.043828
-0.010030
-0.033074
0.051312
-0.035851
0.030810
0.025584
-0.023442
-0.019261
-0.009205
-0.041981
-0.058229
-0.070397
-0.055351
0.033482
0.009585
-0.053635
-0.048290
0.044374
0.013818
0.080379
0.009099
0.058627
-0.060506
-0.078845
0.064030
-0.042087
0.042598
0.038154
0.002899
-0.010747
0.048236
0.021645
-0.075425
-0.052004
-0.033239
0.003465
-0.012721
0.008465
-0.043984
-0.054623
-0.038912
-0.004533
-0.052275
0.054005
-0.054477
-0.033685
0.011557
-0.054532
0.027878
-0.038958
-0.070905
0.030914
0.044164
0.052492
-0.022351
-0.028756
-0.074734
0.014705
-0.028304
0.040840
-0.008395
-0.073916
-0.033873
0.027314
-0.028713
0.037575
0.073245
0.005115
-0.064388
-0.050254
0.004962
-0.003520
-0.038841
-0.001492
0.036186
-0.076561
-0.076805
0.013498
-0.026250
-0.003065
0.066757
0.012585
-0.070694
-0.001875
-0.071494
0.061843
-0.056421
-0.019363
-0.044253
-0.064446
0.058169
-0.072224
-0.004876
-0.013613
-0.005172
-0.050646
0.045296
-0.071900
0.069935
-0.002066
0.051345
0.031121
0.066533
0.000429
-0.028232
0.075861
-0.032002
0.042447
0.034080
-0.078687
0.010678
0.076165
-0.033024
0.024717
-0.046732
-0.025871
0.001093
0.060971
-0.001248
-0.066906
0.001157
0.002282
-0.047050
0.060766
-0.038557
0.028700
-0.029738
0.027369
-0.049053
-0.039080
-0.082233
-0.049735
0.006123
-0.067279
-0.028496
-0.003523
0.010384
-0.028955
0.061732
-0.035019
-0.074147
-0.001377
-0.080780
0.062148
-0.017606
0.062879
0.002489
0.033155
-0.014586
-0.080778
0.002618
0.004796
-0.007844
-0.014937
0.017749
0.011615
-0.006355
-0.071902
0.069051
0.056744
0.009210
0.069993
0.027027
0.075682
0.054937
-0.042364
0.019507
0.012422
-0.070410
-0.081197
0.023928
0.048860
-0.021580
0.040117
-0.079149
-0.008098
-0.072690
-0.070863
0.029608
-0.061051
-0.052996
-0.026172
-0.031232
-0.015014
-0.032874
-0.026574
-0.006216
0.014707
-0.014604
-0.068501
0.019232
0.017239
-0.030181
0.037033
-0.050622
-0.006580
-0.063714
0.077703
0.062985
-0.030741
-0.077283
-0.006572
-0.005144
-0.058040
-0.034194
0.013580
-0.008332
-0.075669
0.014492
-0.027926
0.035513
0.062223
-0.056970
0.030803
0.036019
0.024190
-0.047717
-0.075045
0.023837
-0.037657
-0.032693
-0.011044
0.021339
-0.056087
0.033832
-0.032650
0.015831
0.011621
-0.074315
-0.047231
-0.043258
0.060639
0.034564
-0.035139
-0.058461
0.074490
-0.016540
0.011286
-0.079223
0.081072
-0.045999
0.071036
-0.034706
-0.045567
-0.021387
0.016006
0.013697
-0.046857
0.011721
-0.071772
0.041073
-0.037643
0.026212
-0.070451
-0.017338
0.055018
0.004119
0.047122
0.067740
0.048087
-0.070578
0.039090
0.076311
-0.069756
0.081555
-0.067529
0.030920
-0.052912
-0.042819
0.076045
-0.010076
-0.050269
0.061019
-0.004299
0.050388
-0.017168
0.081767
0.061826
-0.000224
-0.028780
0.025812
-0.005734
-0.065635
-0.072356
-0.051059
0.003331
-0.077338
0.033361
-0.070149
0.060767
-0.020895
0.023097
-0.026721
-0.031133
-0.065018
-0.018939
-0.080825
-0.032222
-0.020477
-0.075954
-0.027881
0.030987
0.060802
-0.067370
0.072570
0.041493
-0.076092
0.072424
0.042047
-0.080907
-0.002322
-0.010271
-0.071259
-0.021187
-0.069780
-0.022854
0.060505
0.045731
0.064184
-0.041686
0.043065
-0.053729
0.082069
-0.014672
0.018922
-0.034042
0.006916
-0.077907
0.069173
0.017304
-0.069523
-0.027702
-0.023051
0.079937
0.008672
-0.028573
0.045218
0.032514
0.027389
0.046034
-0.061871
0.062909
0.078737
0.068342
-0.003308
0.068799
0.056540
-0.019343
-0.004954
-0.022993
-0.018176
-0.021432
-0.073044
-0.037873
-0.024066
0.016911
0.025230
0.051127
0.015150
0.047357
0.019694
-0.024842
0.026116
-0.056952
-0.049597
0.029621
0.032014
-0.073858
0.056007
-0.066006
-0.057595
0.037065
0.024682
0.058832
0.003838
-0.016432
0.033196
0.027599
0.002020
0.040841
0.029281
-0.006565
0.064225
-0.068451
-0.053644
-0.049187
-0.035548
-0.010689
-0.003667
0.008191
-0.034443
0.003563
-0.048826
0.045822
-0.030050
-0.001313
0.004600
0.034271
-0.029853
-0.039309
0.061751
0.078184
-0.025640
-0.072946
0.075993
0.067272
-0.028152
0.044155
-0.005611
-0.060597
0.054354
-0.044983
-0.028714
0.005694
-0.054801
0.005205
0.028682
-0.040335
-0.070271
-0.062184
-0.066011
0.054167
0.041738
0.037636
-0.000703
0.025329
-0.015107
0.010524
0.075449
-0.016702
-0.003648
0.057784
0.060689
-0.052515
0.058088
-0.051015
0.074419
-0.066865
-0.004816
0.018329
0.067445
0.080537
0.078483
0.070619
-0.040885
-0.029970
-0.003776
-0.081252
0.006900
0.043294
0.039266
0.069220
0.026045
0.056627
-0.057973
-0.003772
0.062185
0.042649
-0.010426
0.062069
0.002884
0.035368
-0.054678
0.029783
0.025476
0.045300
-0.050611
0.060379
0.049091
0.001610
0.070874
-0.028729
0.023898
0.078652
-0.070190
-0.081784
0.020071
-0.052895
-0.022711
0.047972
0.058570
-0.056657
0.058996
0.073155
-0.012066
-0.061402
0.063716
0.064128
0.051851
0.024980
-0.058219
-0.030543
-0.043543
-0.062115
-0.021469
0.067885
0.040541
0.045907
-0.076300
-0.067310
-0.049965
-0.004348
-0.025668
0.045153
0.056054
0.049005
-0.036909
-0.030712
-0.015115
-0.059806
-0.077550
0.000900
-0.082385
-0.065774
-0.004223
-0.016078
0.042971
-0.065325
0.041243
0.079706
0.070478
-0.042147
0.017403
0.042946
-0.073006
0.068069
-0.031314
0.022742
-0.046911
-0.035252
-0.054805
-0.009921
0.063997
-0.019265
-0.024896
0.047027
0.048135
0.025856
-0.070560
0.039475
-0.000896
0.028907
0.034916
-0.082078
-0.072800
-0.024798
-0.009339
0.050782
0.032387
0.046996
0.005695
0.072773
0.008537
-0.000568
-0.075529
0.004322
-0.044578
-0.069955
0.069897
-0.026548
0.053581
-0.023823
-0.078984
-0.025133
-0.031295
-0.044295
0.042126
0.024694
0.046215
-0.049943
0.062410
0.020581
0.007519
0.071816
0.052945
-0.032510
-0.035725
-0.038721
-0.023461
0.042612
-0.056381
-0.053084
-0.013301
0.007962
-0.060197
0.024954
0.029119
0.053917
0.017696
0.049745
0.063432
-0.052196
-0.063850
-0.046631
-0.068528
-0.012538
0.034596
-0.062090
-0.015259
0.003665
-0.026414
0.010773
0.039348
-0.011253
-0.053412
-0.065138
0.040004
0.028466
-0.007087
-0.020092
-0.003920
0.027297
-0.076753
-0.014609
-0.072555
0.042979
0.047201
-0.019774
0.041412
0.011317
-0.067066
-0.056048
0.010214
0.042205
-0.067229
0.041782
0.065397
0.017239
0.035480
0.003990
0.002761
-0.004921
-0.019345
-0.015674
0.079231
0.000503
0.031278
-0.078425
-0.076861
-0.013920
-0.038817
0.077446
0.079680
-0.013613
-0.001154
-0.056422
-0.074691
-0.025162
0.042325
0.034641
0.026057
-0.070326
0.061493
0.042745
0.079637
-0.019964
0.055873
0.004672
-0.015965
-0.040385
0.016948
-0.054834
0.048948
-0.057506
-0.063977
-0.055545
0.044079
0.071869
0.014859
0.075944
0.068861
-0.071636
0.032850
0.072538
0.020973
-0.078980
0.011841
-0.018986
0.062591
0.063322
0.030467
-0.013441
-0.044983
-0.036936
-0.006710
-0.022931
0.010634
-0.003244
0.026960
0.081290
-0.054956
-0.047349
-0.080084
-0.029283
-0.017293
0.023391
0.030420
0.078596
-0.023316
0.002225
-0.075417
0.064740
-0.015887
-0.010364
0.071214
0.081647
-0.036653
0.007465
-0.008845
-0.064242
-0.074430
0.015630
-0.007931
-0.040528
0.001223
0.061487
0.001080
0.028036
0.046034
-0.075650
-0.005552
-0.071103
0.066330
0.011580
0.044369
-0.010575
-0.027676
0.002722
-0.060705
-0.079992
-0.032618
0.028244
0.004109
-0.021643
0.031548
-0.041787
-0.005796
0.076158
-0.005524
-0.078605
-0.068260
-0.063242
0.006518
0.052188
0.040162
-0.040192
-0.019812
0.079504
-0.076087
0.037046
-0.013156
0.079689
-0.009830
-0.030599
0.010569
-0.061399
-0.007254
0.029583
-0.004114
0.010515
0.063246
0.067440
-0.006062
-0.003872
0.038704
-0.012199
-0.035891
0.048141
-0.006590
0.061861
0.073200
0.065734
-0.009083
0.047637
0.022049
0.009993
-0.067994
-0.057636
0.041315
0.025294
-0.034477
0.069207
-0.037183
-0.040675
-0.012494
-0.078846
-0.061657
-0.000550
-0.006017
0.073286
-0.021817
0.047372
0.021347
0.021685
0.011434
0.052840
-0.040018
-0.069581
-0.016577
-0.073979
0.057352
0.073203
0.043663
0.024487
0.017574
0.070511
-0.066869
-0.050334
0.048065
-0.034701
-0.007266
0.011598
0.023055
0.055911
0.005972
0.037538
0.036289
0.072670
-0.078890
0.005048
-0.030713
-0.011707
-0.032051
0.076080
-0.056977
0.064177
-0.073625
-0.074703
-0.028949
0.060694
-0.080623
-0.041106
-0.048189
0.079777
-0.072220
-0.077079
-0.033991
0.068817
0.042160
-0.073364
-0.000705
-0.004578
0.050227
0.066291
0.056256
-0.051091
0.039950
-0.037125
0.071871
0.022500
0.011517
0.014322
0.063192
0.065043
-0.016091
-0.030041
0.002272
0.066838
-0.079735
-0.038180
-0.057783
-0.061462
0.000231
-0.057878
-0.046860
-0.049515
-0.061141
0.044900
0.047220
-0.077236
0.026741
-0.003975
0.060886
-0.013274
-0.011324
-0.053266
0.064214
0.045452
-0.005396
0.040123
-0.005833
-0.074762
-0.005862
-0.065967
-0.056253
-0.023288
-0.018416
0.048337
-0.075620
0.059842
-0.082181
0.017085
-0.040462
-0.053741
-0.045686
0.005277
-0.048395
-0.013829
-0.060459
-0.058931
0.007853
-0.000188
-0.031453
0.041881
-0.019818
-0.054308
-0.005452
-0.001703
0.032818
-0.080896
-0.043913
0.035928
0.074319
-0.002356
-0.036248
0.065628
0.080679
0.042366
0.054790
0.012382
-0.048155
0.046394
0.069554
-0.019268
0.071787
0.030923
0.016057
0.077847
0.079300
-0.019340
-0.074354
0.080189
0.015977
-0.073403
-0.062962
0.013287
-0.066449
-0.060453
0.001521
-0.073386
-0.055645
0.014048
-0.057578
0.050438
-0.066686
-0.035219
0.032542
-0.057803
0.082152
0.057328
-0.001488
0.009134
-0.064741
-0.061794
0.002140
0.015768
-0.003241
0.009986
-0.007312
-0.064399
-0.029595
0.038777
-0.002213
0.005600
-0.051511
-0.009010
-0.052114
-0.046447
-0.000841
0.023079
-0.056833
-0.031921
-0.038858
-0.064962
-0.077342
0.048680
-0.040953
0.041002
0.052263
-0.075364
0.009440
-0.047130
-0.001174
-0.042150
0.072675
-0.047056
-0.066529
0.032781
-0.049928
-0.004949
-0.073611
-0.056921
0.056433
0.081207
-0.066611
-0.080501
0.014752
0.005768
0.054221
0.004205
0.074745
-0.006464
-0.068073
-0.059499
0.028915
0.016210
-0.063192
-0.028480
0.065489
-0.028358
-0.080817
0.081931
-0.042811
0.061122
0.076234
-0.027495
0.048509
-0.071309
-0.024652
-0.059337
0.004845
-0.061778
0.043153
0.052356
0.063856
-0.026219
-0.037773
-0.015487
-0.005849
0.047939
0.068384
-0.019995
-0.034986
-0.015228
0.049405
0.026810
-0.030488
0.067855
0.078837
-0.005663
0.048075
-0.012460
0.015316
-0.067352
0.072016
-0.077816
-0.046958
0.024739
0.013539
-0.037154
0.016267
0.007791
-0.012410
-0.051013
0.055441
-0.080103
0.007540
-0.070500
-0.072233
0.077317
-0.023377
0.026512
0.034824
0.012159
-0.058517
0.044599
0.012858
-0.003648
-0.067211
-0.043101
0.039804
-0.017832
0.028457
0.000573
-0.064757
-0.061543
0.058230
-0.007134
-0.008216
0.017939
-0.012006
-0.005727
0.004262
0.071274
-0.013448
0.019041
0.044273
0.031532
0.035680
0.016271
-0.078059
0.053037
-0.002578
-0.001855
-0.026848
-0.020165
0.039941
-0.023451
0.072181
-0.043202
0.004795
-0.074083
0.035077
0.011456
0.025181
-0.052911
-0.005355
-0.068499
0.033530
-0.049962
-0.073216
0.072298
0.009513
0.018646
0.020265
0.077293
0.020180
0.055591
-0.033873
0.041705
-0.018694
0.057867
0.032426
-0.011271
0.050638
-0.013025
-0.030770
-0.039991
0.051165
0.002183
0.062454
-0.003861
0.029204
0.022719
-0.040217
-0.011698
0.064912
-0.057799
-0.081096
0.048513
-0.011714
0.066386
0.082023
-0.033332
-0.019531
-0.027283
0.012819
0.016014
0.031109
-0.041748
0.047140
-0.072338
-0.016491
-0.013544
0.077714
0.027524
-0.053648
-0.014763
-0.051929
0.053927
-0.051193
-0.057273
0.080404
0.008221
0.063571
-0.044132
0.031895
0.042800
-0.062848
-0.043071
-0.061744
0.030887
-0.040277
0.025743
-0.015180
-0.069186
0.053696
-0.061257
0.019262
0.063317
0.044636
0.028957
-0.070023
-0.002486
-0.050745
-0.014071
0.042505
0.074379
0.045712
0.024564
-0.001596
0.077819
0.037282
-0.050513
-0.080057
0.065336
0.021101
0.053935
-0.035398
0.070924
-0.044506
0.016479
0.044151
-0.047082
-0.044432
0.042697
0.011269
0.078000
0.009955
-0.022282
-0.071207
-0.062842
0.057919
0.076658
-0.021073
0.051788
0.049848
-0.061487
-0.031401
0.020082
-0.041641
-0.014827
0.039379
-0.048371
0.031217
-0.008200
0.053313
-0.006590
0.012722
0.035509
-0.047380
-0.067281
0.081006
-0.011203
-0.059905
-0.032670
0.067548
-0.045495
-0.019587
-0.037146
0.011089
0.080280
0.047188
0.004316
0.027015
0.027329
0.007141
-0.070657
-0.074720
0.016119
0.032389
0.010891
-0.052968
-0.024768
-0.032447
0.048331
0.021925
0.064538
-0.080750
0.080887
0.013275
-0.020927
-0.013832
-0.039068
0.013886
-0.076877
-0.045522
-0.019551
0.013200
-0.070013
0.060293
0.013512
0.036958
0.017662
0.081186
0.056674
-0.060525
0.033900
-0.067306
0.050506
-0.066136
-0.031796
0.081752
0.037760
0.029482
0.071577
0.069574
0.011878
-0.076206
0.026749
-0.053728
-0.027105
0.030947
0.058156
-0.034485
0.034252
0.009865
0.079004
0.029621
0.016402
-0.046609
0.057264
0.072957
-0.047569
-0.033116
0.006407
-0.029159
-0.026939
-0.028640
0.049627
-0.042099
-0.024768
-0.003441
-0.011948
-0.057415
-0.075899
-0.063093
0.060456
0.018850
0.010682
-0.067154
-0.009390
0.047901
0.040376
0.033482
0.071427
-0.035033
0.067922
0.044328
-0.016925
0.079655
0.047079
-0.081416
0.017939
-0.033970
0.053791
-0.004023
-0.049177
0.068405
-0.030769
0.040114
-0.034264
-0.061933
-0.048939
0.055786
0.032592
0.026114
0.027784
0.026685
-0.040041
0.050249
-0.036621
-0.037003
-0.014254
0.061361
-0.066880
0.035070
0.022056
-0.031283
-0.034170
-0.076581
-0.051665
-0.021723
0.081120
0.028180
-0.041395
-0.059797
-0.015540
0.068092
-0.045086
0.076146
-0.044102
-0.048970
0.064369
0.037746
0.068596
-0.026036
0.052232
0.009237
0.007770
-0.077025
0.047733
0.008059
-0.068910
0.044711
0.048892
0.013206
-0.039407
0.015160
-0.053809
0.072513
-0.031546
-0.055493
0.016497
0.050695
0.049179
0.075075
0.036796
0.033125
-0.006372
0.070432
0.028952
0.018552
0.028574
-0.046442
0.017770
0.073064
-0.076952
-0.078740
0.000265
-0.004947
0.047330
0.039996
0.062280
0.000758
0.011344
-0.035596
-0.062765
-0.040814
-0.078821
-0.019546
0.060351
-0.022661
-0.039249
-0.032827
-0.039653
0.003686
-0.045670
-0.061385
-0.057176
0.011323
-0.035517
-0.011046
-0.001426
-0.032942
0.016706
-0.048608
-0.073710
-0.022654
-0.071052
-0.055798
-0.064827
-0.034176
-0.035994
0.058081
-0.022570
0.057446
-0.043752
-0.012905
0.003017
0.037929
-0.062824
0.040790
0.048245
0.045963
0.076819
-0.059067
0.050282
-0.033404
0.016475
-0.060274
0.074159
-0.029229
0.045140
0.006078
-0.028194
-0.039796
0.063265
0.017157
0.050701
-0.029230
0.077446
-0.064155
-0.068659
-0.012364
-0.059006
0.074977
0.058060
-0.005406
0.028578
0.007766
0.056947
-0.036597
0.006093
0.071575
-0.039724
-0.009956
-0.033354
-0.063708
0.028418
0.058719
-0.064187
0.070879
0.019243
0.020607
-0.077995
0.058255
0.017578
-0.029424
0.048169
0.028376
-0.069125
-0.042450
0.000552
0.034096
-0.006016
-0.061850
-0.033704
0.045157
-0.073525
0.028807
-0.069343
-0.011031
0.074739
0.053500
0.038671
0.002231
0.054921
0.034790
-0.044849
-0.066685
0.072667
0.029485
-0.033710
0.036008
-0.002244
-0.034631
0.031932
-0.025316
0.059020
0.033285
0.052491
0.053766
0.048235
-0.060996
-0.066766
-0.059311
0.021279
0.000383
-0.021502
0.072103
0.010623
-0.033371
0.072719
-0.055944
0.009246
-0.040309
0.004194
-0.003325
-0.038517
-0.007354
0.020258
-0.009106
0.075223
0.034641
-0.002983
0.067919
0.070026
-0.001641
-0.031136
0.041897
0.028296
0.045769
-0.049330
-0.052225
0.023693
0.078659
-0.041615
0.054340
0.055726
0.013362
-0.035299
0.017337
0.012199
0.004495
0.009153
-0.008337
-0.002874
-0.068288
-0.076184
0.053608
0.079989
-0.040443
-0.033935
-0.031511
0.075197
-0.012995
0.009011
0.052083
-0.040746
-0.054103
-0.081834
-0.078000
-0.068818
-0.042136
0.076665
0.042396
-0.057876
-0.002708
-0.046468
-0.045456
-0.042975
-0.049990
0.082145
0.062561
0.019527
0.035704
0.048518
0.008440
-0.061170
0.064888
0.052337
0.029361
0.024968
0.029893
0.067042
0.064048
0.031378
0.075207
0.044950
0.022826
-0.080057
0.014721
0.071388
0.043006
-0.027268
-0.045145
-0.072612
-0.065861
-0.023516
-0.011861
-0.039179
0.036643
-0.008658
-0.027517
0.032460
-0.007482
0.023749
-0.077479
-0.082100
-0.037265
-0.009028
0.070802
0.080178
-0.018083
-0.001666
-0.080578
0.080964
-0.024372
0.032526
0.078808
0.048712
0.057622
-0.020098
0.042140
0.074608
-0.027080
0.057992
0.059327
-0.066857
-0.068159
-0.038699
-0.055013
0.010596
-0.074443
0.031831
0.006400
-0.063579
0.008481
0.011928
-0.000111
0.008543
0.074846
0.082081
0.033165
-0.046454
0.003139
-0.081276
-0.062293
0.003045
-0.063270
0.070379
0.035886
0.044100
-0.053699
0.058137
-0.080263
-0.062430
-0.006876
0.061075
0.018633
0.025077
-0.071072
-0.020629
0.047996
0.079896
0.001015
-0.046006
-0.018378
-0.025836
0.053896
0.048678
0.022351
-0.061623
-0.050359
0.056333
-0.029965
-0.078812
0.007094
-0.005387
-0.072465
-0.007573
0.033278
0.072532
-0.047965
-0.023318
0.019244
-0.063787
0.030595
-0.071875
0.020701
0.073909
0.014706
-0.074273
0.012257
0.073044
-0.031646
-0.068778
0.063515
-0.040357
-0.042201
0.064218
0.013207
-0.035414
-0.052288
0.005782
-0.019395
-0.044315
-0.068269
0.079847
-0.035310
0.041086
-0.070053
0.004214
-0.026141
-0.009128
-0.028073
-0.017378
0.076924
-0.077153
0.033218
0.065454
0.031338
0.008623
0.059812
0.044104
0.044134
0.014656
-0.035440
-0.011823
-0.053095
0.020010
-0.068438
0.037796
0.002360
-0.051770
-0.079206
0.060976
0.035440
-0.051684
-0.046441
0.028246
0.017069
0.008467
0.004338
-0.025821
0.076626
-0.049425
-0.042852
0.042046
-0.045576
-0.015460
-0.008720
0.007115
0.044014
0.033579
0.023419
-0.067350
-0.022720
0.057317
0.036544
-0.051173
-0.061153
-0.017519
-0.008349
-0.022759
-0.001412
-0.055345
0.066563
0.017020
-0.045582
0.051122
0.027423
0.051358
0.069481
0.028574
0.025756
0.028555
-0.019589
-0.025527
-0.045493
-0.006287
0.007748
0.023184
0.020146
0.004629
-0.061969
-0.030325
-0.006242
0.044368
-0.053070
-0.040273
-0.068562
0.004637
0.000150
0.002928
0.061347
0.035422
-0.019405
-0.058998
0.028957
-0.029095
0.025952
-0.070606
0.008311
-0.062129
-0.056051
-0.052702
0.061116
-0.021372
0.037970
-0.081374
-0.049940
0.020515
0.052282
-0.000923
0.054650
0.042688
0.040028
-0.041694
0.061178
0.021099
0.080138
0.079227
-0.051881
-0.021749
0.039958
0.026903
-0.041264
0.079885
-0.012970
-0.025352
0.067657
0.058652
0.028346
-0.026913
0.012424
0.016709
-0.036386
0.063669
-0.054208
-0.062651
-0.056021
-0.081724
-0.022500
0.078765
-0.068363
0.075685
0.076874
0.077923
-0.027983
-0.072375
0.069975
-0.027508
0.037769
0.001396
-0.033771
-0.059377
-0.021842
-0.038023
-0.012716
-0.061729
0.043486
0.009603
0.011010
0.018169
0.017139
0.029282
0.023140
-0.073103
0.061910
0.013876
0.006788
0.018832
0.015451
-0.035306
0.001739
0.003511
-0.027925
0.017107
0.077126
-0.066606
0.071346
0.048461
0.061327
-0.032760
0.004703
-0.002146
0.042529
-0.050875
0.040472
0.041672
0.007252
0.013355
-0.044825
-0.043409
0.074607
-0.069709
0.019080
-0.014150
0.057746
-0.081653
-0.013272
-0.063476
-0.057111
-0.048274
0.058296
-0.053042
0.047032
-0.065752
-0.072891
-0.052997
-0.050795
0.029779
0.020501
-0.047265
-0.011688
0.044242
0.043358
0.070977
-0.063664
0.031746
-0.073378
0.057472
-0.012477
0.023695
0.047298
-0.036832
-0.038127
0.018159
-0.008368
-0.034169
0.019370
-0.016162
0.067959
-0.058141
-0.009999
0.048918
0.067709
0.054199
0.069885
0.001145
-0.067961
0.036371
0.012107
0.014862
0.066907
0.041370
-0.017717
0.069122
0.034261
-0.017748
-0.045115
0.044986
0.039345
-0.076334
-0.011934
-0.011776
0.075769
0.064312
-0.034355
-0.048293
0.061799
0.026955
0.025415
0.043049
0.044479
-0.006469
-0.076047
-0.000206
-0.012168
0.061387
-0.045878
0.078471
0.079146
-0.056682
0.008028
0.012663
-0.024042
0.006802
0.074775
-0.069267
-0.010960
0.022292
-0.035722
-0.050655
0.051069
-0.052242
-0.044688
0.016421
0.003973
0.050916
0.065541
-0.000312
-0.042708
-0.044506
-0.077840
-0.033030
0.081894
0.078527
0.040680
-0.048732
-0.067274
0.003113
-0.030912
-0.025860
-0.000197
0.005825
-0.005123
-0.061689
0.061741
-0.069810
-0.018478
-0.034401
-0.080869
-0.051460
0.003094
0.078438
0.068498
-0.079899
0.071023
0.068621
0.001436
0.052278
-0.036617
0.074694
0.013560
-0.006649
-0.067008
-0.001488
0.019577
0.064682
-0.025139
0.070889
0.030570
0.068349
-0.076629
-0.013027
0.082060
0.019078
-0.073374
-0.039692
0.030165
-0.077466
-0.047431
0.024817
0.043591
0.079788
0.066556
-0.022828
-0.026073
0.010524
-0.058069
-0.000428
-0.006243
0.037617
0.029819
-0.079135
-0.047756
0.047263
-0.060202
-0.070037
-0.013607
-0.081961
-0.024685
0.080873
-0.014156
0.041329
-0.047779
0.003402
-0.061939
0.033441
-0.051305
0.056810
-0.062668
-0.060475
0.073653
0.009406
-0.082461
-0.058790
-0.010707
-0.057127
-0.058886
0.018386
-0.045326
0.072833
-0.007213
0.028915
0.064693
-0.078341
-0.051818
0.068131
0.024460
0.024370
-0.029993
0.015820
-0.048036
0.042687
0.001537
0.015383
0.043456
-0.062133
-0.048717
0.007473
0.022438
-0.079675
-0.055256
0.065895
0.006840
-0.077449
-0.050925
-0.015331
-0.042608
-0.072108
0.057383
0.073785
-0.061868
0.027170
0.056317
0.077119
0.029991
0.059984
0.023463
-0.015137
-0.015176
-0.027566
0.045960
-0.019584
0.003097
0.067921
-0.076795
0.068020
-0.025016
0.015528
0.057226
-0.010125
0.064841
-0.017221
0.047990
0.078915
0.040801
0.037685
-0.023191
-0.035410
-0.010369
-0.052173
-0.042474
-0.020255
-0.031298
-0.073727
-0.030378
0.066806
-0.040976
0.081147
-0.040759
0.010114
-0.074587
0.058547
-0.042137
0.023514
0.046284
-0.033165
0.019605
0.028348
0.009589
-0.062614
0.068677
0.061375
0.037290
0.001755
-0.045196
-0.072274
-0.003035
-0.054955
-0.032322
0.024658
0.064495
-0.059150
0.012940
-0.062925
0.078307
0.055810
-0.049201
-0.078048
-0.009721
0.064483
0.011576
0.004408
0.072421
0.073476
-0.040599
0.051722
-0.064000
0.020517
0.012385
-0.035113
0.064318
0.068418
-0.021606
0.048723
0.079852
-0.073668
-0.021963
-0.038143
-0.003397
-0.036747
-0.028913
-0.081828
-0.008298
0.047208
-0.069305
0.076719
-0.033966
0.037255
-0.059384
-0.058036
0.033509
0.034054
0.000838
0.070424
-0.050503
-0.012826
0.017247
-0.010069
0.021613
-0.044837
0.035080
0.080445
0.077036
0.041161
-0.031591
-0.038341
-0.005846
-0.041410
-0.034457
-0.021024
0.023986
-0.022515
-0.015181
-0.044936
-0.024666
0.030054
-0.069743
0.080415
-0.032562
-0.043198
-0.034124
-0.035195
0.063223
-0.039661
-0.017846
0.080606
0.034377
-0.040573
-0.069689
0.047195
0.054083
-0.080546
-0.016530
-0.024738
-0.073872
-0.005899
-0.075909
-0.062535
-0.081854
0.070889
-0.021372
0.004413
-0.010916
-0.018116
-0.048345
-0.007885
-0.054583
-0.032947
0.081820
0.052189
0.026854
0.026841
0.003286
0.038633
0.028152
-0.082071
0.062297
-0.034783
-0.015886
0.023668
0.022290
0.065314
-0.016318
-0.081857
-0.080097
0.038169
-0.048512
-0.016674
-0.054923
-0.069325
-0.071026
-0.040329
-0.046216
-0.043354
0.080695
-0.008959
-0.043654
-0.024340
0.044922
-0.047471
-0.023488
-0.060112
0.060647
0.057070
0.058163
-0.073923
0.062569
-0.005447
0.032693
0.058189
-0.009159
0.049526
0.072414
0.039749
-0.042749
0.037895
-0.026609
0.034417
-0.050104
0.070574
0.012967
0.043026
0.032539
-0.026679
0.041287
-0.076308
0.048282
-0.030885
-0.053026
0.027621
-0.060879
-0.036405
-0.001189
-0.046626
-0.028324
-0.014610
-0.082317
-0.055592
0.012788
0.008916
-0.063877
0.040306
0.056271
-0.071917
-0.018120
0.022995
-0.054471
0.005214
-0.004949
-0.067571
-0.069766
0.060270
-0.053208
-0.052712
-0.013515
0.014710
-0.037118
-0.062101
-0.072150
-0.074825
-0.072314
0.024381
0.008628
0.079041
0.047457
-0.026860
0.069633
0.070172
-0.039230
-0.039462
0.019179
-0.070267
0.055602
-0.039239
-0.001701
0.079066
-0.047996
0.020584
-0.062878
-0.026546
-0.057537
-0.015954
0.035259
0.048342
0.082224
0.003616
-0.043315
-0.051931
0.002587
-0.041303
0.056806
-0.027914
0.042384
0.052113
-0.011718
-0.027026
-0.012382
-0.012328
0.030347
0.061317
0.029625
0.014519
-0.004448
0.001795
0.003277
0.072503
0.026982
0.003559
0.081203
-0.017718
0.056167
0.000526
0.006993
-0.066091
0.025567
-0.027251
-0.027029
-0.053620
-0.064715
0.026041
0.053335
0.023615
-0.068795
0.076726
0.040956
0.015041
0.021974
-0.065726
-0.050644
0.075122
-0.065186
0.007353
0.060090
-0.038856
0.001404
0.066778
0.038829
0.050616
0.037953
-0.045266
-0.041250
0.077877
-0.015389
-0.079319
-0.027827
0.043241
0.025130
-0.005607
0.060190
-0.056725
-0.000780
0.051770
-0.048338
-0.018532
0.082165
-0.027561
0.040274
0.036169
0.004092
0.062076
-0.061239
-0.030104
0.002764
0.037308
-0.071515
0.013557
-0.069632
0.001269
0.027628
-0.002253
-0.033032
-0.044715
-0.050773
-0.037657
-0.039002
-0.018503
-0.031515
-0.013475
-0.070304
-0.039603
-0.017794
0.000986
0.024983
0.076542
-0.005091
-0.074941
0.034013
0.079817
0.069627
-0.077791
0.067723
-0.057312
-0.034087
0.079688
-0.056481
0.022662
-0.072898
0.015276
-0.072650
0.033590
-0.000959
0.082301
-0.019760
-0.022563
0.001631
0.040256
-0.020145
-0.069565
0.038431
-0.082341
-0.056934
0.067227
-0.044407
0.063740
-0.056220
0.032976
-0.022906
-0.053252
-0.027255
0.021001
0.055805
0.077507
-0.059705
0.037974
0.018258
-0.010840
-0.041583
-0.058851
-0.081539
-0.025400
-0.063385
-0.036657
-0.044976
-0.059850
-0.070366
-0.037756
0.047995
-0.034454
0.016945
-0.069054
0.066113
-0.030656
-0.048647
0.076243
0.037240
0.069003
0.063611
0.002805
0.033116
-0.013438
-0.070493
-0.073912
0.003937
-0.022341
0.053699
-0.028829
-0.052360
-0.013342
-0.002151
-0.032943
-0.067119
0.060883
-0.062956
0.078056
0.008497
0.037449
-0.075723
-0.051245
0.006515
0.068401
-0.022933
-0.008682
-0.002584
0.054495
0.068662
0.024448
-0.004674
0.039927
0.078061
-0.027839
0.000854
0.041130
0.077013
-0.016162
-0.053233
-0.022879
0.038201
0.070419
-0.019286
-0.036089
-0.073344
-0.011110
0.013074
0.007039
0.051945
0.011632
0.048669
-0.060481
0.053129
-0.021638
0.025003
-0.018174
0.039773
-0.013670
0.030743
0.070893
-0.029270
-0.035451
0.019226
0.016118
0.074830
0.040029
0.054955
-0.062961
-0.036585
-0.031695
-0.064229
-0.013140
0.032814
-0.023090
-0.054371
0.006017
0.018550
0.008888
0.048713
0.057559
0.051435
0.080216
0.069403
0.079894
0.003945
0.027779
-0.017492
0.056624
0.026548
0.038947
0.009457
0.050131
-0.026221
-0.051639
-0.001621
0.054824
0.032052
-0.058414
0.077980
-0.004191
-0.067601
-0.029004
0.001363
-0.060849
0.026776
0.061654
0.073333
0.067824
0.028467
-0.079648
-0.020945
0.023134
-0.048114
-0.066557
0.002176
-0.043201
-0.013100
0.054404
0.068878
-0.068082
0.028132
0.031503
-0.046682
0.039984
0.074377
0.025890
-0.068770
-0.039081
0.019217
-0.062724
-0.059674
0.019317
0.011100
0.079888
0.049926
-0.010933
-0.064445
-0.074329
-0.013029
0.008837
-0.050865
0.038161
-0.004104
-0.015468
-0.030674
-0.047734
0.055524
-0.048489
-0.070985
0.012331
0.030933
0.043736
-0.020006
-0.026076
-0.045887
0.068483
-0.010600
-0.047356
-0.003122
0.014616
-0.070821
0.079835
-0.078040
-0.064759
0.047728
0.070551
-0.054928
0.048291
0.047264
-0.025726
-0.065636
-0.026610
0.027322
0.056210
0.069672
-0.021717
-0.005053
-0.007901
0.017132
0.052383
-0.051058
-0.078408
-0.028476
0.032106
-0.003702
0.011911
0.041477
0.043002
-0.012150
0.071112
0.057811
0.076818
0.019796
0.029923
0.037099
-0.042755
0.039613
0.066002
-0.043800
0.009999
-0.002659
-0.010402
-0.032680
-0.063792
-0.057234
-0.027529
0.041995
-0.081103
0.032048
0.011766
0.012047
0.075773
-0.059619
0.042861
-0.049862
0.060285
0.012163
-0.062110
-0.073022
-0.051094
0.021316
-0.038361
0.056711
0.023254
0.042329
0.027960
0.009751
0.018195
0.003290
-0.006431
0.069720
-0.000129
-0.073817
0.021236
0.002559
0.070260
-0.071617
-0.049596
0.005284
0.025398
0.003183
0.064619
0.001599
-0.022190
-0.051584
0.067105
0.051010
0.060412
-0.060859
-0.025228
-0.034722
-0.029555
-0.010702
0.016281
-0.051081
-0.028583
-0.062987
-0.012865
0.011761
-0.051133
0.078873
-0.019866
0.031864
0.076154
0.056393
-0.030204
-0.012273
-0.005533
-0.022825
0.046563
0.031956
-0.005351
-0.059309
0.003850
-0.020185
0.033094
-0.081836
0.046308
-0.001373
0.030513
0.000539
-0.014656
-0.053297
0.002053
0.064851
-0.021568
0.021722
0.068152
0.014372
0.020297
-0.080550
0.079840
0.022574
-0.037046
-0.076879
0.001336
-0.061001
-0.029691
0.003375
0.050060
-0.046694
-0.076073
-0.031424
-0.043245
-0.042262
0.072239
-0.058202
-0.021457
0.011471
-0.034599
-0.025619
-0.042927
0.070153
0.022584
-0.020798
-0.070712
0.038085
0.009446
0.032374
0.013485
-0.058626
-0.037354
0.058607
-0.071022
-0.023718
-0.076096
0.078988
-0.012488
-0.040420
-0.048096
0.008826
-0.054795
-0.048882
0.004894
-0.076391
-0.072774
0.074542
0.046721
-0.045867
0.062406
0.055617
-0.038557
0.030813
-0.078846
-0.036781
0.049764
0.010265
-0.076495
0.044612
0.080817
0.007324
0.017718
-0.020994
0.073108
0.051443
0.008913
0.028711
-0.063374
-0.004851
0.041508
-0.030326
0.024561
-0.030859
-0.030108
0.005017
-0.046734
0.059564
0.073810
0.024796
0.000167
-0.082332
0.036824
0.049831
0.027191
0.068497
-0.037294
0.021182
-0.074389
0.031762
-0.073759
0.010090
0.051455
-0.054894
-0.006062
-0.082118
0.010377
-0.029259
-0.007382
-0.035945
-0.005993
0.073984
0.065249
0.078545
-0.050179
0.012393
-0.080933
0.066545
-0.035088
-0.077945
0.059944
0.078507
-0.028113
0.051022
-0.066052
0.077822
0.055290
-0.073691
0.058922
-0.056562
-0.051710
0.048376
-0.047752
0.073258
-0.080361
0.076747
0.041331
0.063611
0.069652
-0.043382
-0.011335
-0.022682
0.053619
0.037184
-0.031819
-0.005143
0.015022
0.062161
-0.024477
0.061816
-0.022739
-0.070501
0.066215
-0.081240
-0.003401
0.038542
0.075979
0.040722
-0.030483
-0.063008
0.016802
-0.011194
-0.070257
-0.010787
-0.080084
-0.065326
-0.026232
-0.035913
-0.011532
-0.022414
0.060847
-0.005640
-0.036311
0.050375
-0.053874
0.017684
0.023180
-0.016491
0.069329
-0.081883
-0.012636
0.029757
-0.042350
-0.056682
0.027982
0.031481
-0.046337
0.077484
-0.054101
-0.021166
0.028324
-0.007312
0.025142
-0.017971
-0.053575
0.049264
0.080885
-0.002473
0.012926
-0.074217
0.028536
-0.024215
-0.063228
0.057604
-0.072081
-0.062345
-0.069665
-0.073279
0.012656
-0.013530
-0.013117
0.048031
0.019551
0.063696
0.045143
-0.056175
-0.035068
-0.077513
0.075298
-0.013923
-0.053952
-0.020848
-0.005567
0.062861
0.048213
0.069902
0.051182
0.052000
-0.057623
0.065362
-0.056905
0.057505
-0.050601
-0.045487
-0.069974
-0.028358
0.049142
0.021245
-0.021995
0.065278
-0.010206
0.071222
0.035737
-0.073180
-0.007818
0.012998
-0.030329
0.042212
0.059141
0.009959
0.020257
0.024285
-0.043490
-0.026111
-0.005926
-0.062195
-0.046949
-0.036870
0.043206
-0.079749
0.023712
0.071857
-0.009767
-0.030367
0.069686
-0.076556
-0.082205
-0.023236
-0.060187
-0.030605
-0.012314
0.002066
0.008858
0.074036
-0.070991
-0.056567
0.045375
0.074371
-0.026561
-0.040790
0.039663
-0.068551
-0.033635
-0.020310
0.020091
0.069973
0.024417
0.043714
0.071672
-0.080268
0.030820
-0.064069
-0.021956
0.081449
0.016432
-0.080626
0.029724
-0.051455
-0.063436
-0.000468
0.075817
0.065184
0.074259
0.073676
-0.047226
-0.018448
0.072972
-0.033286
-0.064240
-0.019947
-0.063586
-0.036761
-0.018005
0.082120
0.045667
0.003661
0.030156
0.066601
-0.037878
-0.079812
0.023651
-0.043099
0.001288
-0.072709
0.008708
-0.073309
-0.055109
-0.072444
0.030814
-0.051985
-0.014899
-0.018674
0.061377
-0.076343
-0.000705
-0.081847
0.079101
-0.037167
-0.081567
0.058182
0.006904
0.047267
-0.013866
0.065276
-0.044126
-0.081874
0.027522
-0.008263
-0.055896
-0.070591
0.048777
-0.049652
-0.000926
-0.053539
0.003736
-0.004650
0.026141
-0.024045
-0.060109
-0.031509
-0.039406
-0.039551
-0.014593
0.080139
-0.055737
0.046355
-0.043420
0.039383
-0.040659
-0.074874
-0.079966
-0.054931
-0.014093
0.014972
-0.048379
0.070303
0.044026
0.070569
-0.039804
0.002825
0.063166
-0.028163
0.028016
-0.038276
-0.072020
0.067407
0.004980
-0.075478
0.023681
-0.034894
-0.078521
0.044894
0.014085
-0.018901
-0.037818
-0.004606
-0.004206
-0.011584
0.018195
0.036461
0.009995
0.062436
-0.023132
-0.062041
-0.078179
0.032402
0.048663
-0.020187
-0.002186
0.052897
-0.006438
0.080642
0.023774
-0.048490
0.057431
-0.022922
0.019559
0.061885
-0.010495
-0.055324
-0.029527
-0.028913
-0.047684
0.004013
0.032846
-0.008584
-0.081816
-0.012634
-0.065196
0.078667
0.038526
-0.073642
0.055113
-0.034323
-0.005624
0.074825
0.054887
-0.031128
-0.049702
-0.042932
0.030130
-0.037440
0.042970
0.036995
0.037669
0.005466
0.006330
-0.031153
-0.051319
0.077043
0.015360
-0.063360
0.031273
-0.046532
0.035092
0.042299
-0.003099
-0.079115
-0.045487
0.016464
0.061517
-0.071891
0.081913
-0.069168
-0.024032
-0.080658
-0.019362
-0.056265
-0.059523
0.064015
-0.068318
0.016551
0.037418
-0.055213
0.048176
-0.034175
-0.035915
-0.055969
0.079899
-0.001352
0.077937
-0.056590
0.010060
0.072550
-0.054803
-0.048781
0.065470
0.035622
0.046447
-0.040464
0.003323
0.025654
0.015793
0.001205
0.025093
0.024420
-0.028610
0.039842
0.068239
0.013421
-0.055522
-0.028825
-0.013313
-0.076461
-0.056984
-0.033105
0.074886
-0.068339
0.018137
-0.035487
0.074357
-0.072959
0.075244
0.012302
0.025534
-0.063705
0.066646
0.080688
0.030978
-0.066301
-0.024346
0.031249
-0.056845
0.043054
0.050492
0.055141
-0.011426
-0.067675
0.022027
-0.017608
0.053708
0.072124
-0.044698
-0.031288
-0.045854
-0.074351
0.016297
-0.022099
-0.075404
-0.003297
0.066870
0.000016
-0.039165
0.068839
0.078122
-0.076256
-0.027188
-0.069541
-0.015702
0.074734
-0.066818
0.058597
0.066598
-0.022587
0.025032
-0.038002
-0.063877
0.025980
-0.062423
0.039527
0.073439
0.077393
0.043087
-0.034306
0.051718
-0.008400
0.034429
-0.017334
0.072799
-0.017129
-0.055873
-0.054250
0.062423
-0.031927
-0.007856
-0.046202
0.070899
-0.021660
-0.054631
-0.072520
-0.061078
0.047034
0.073458
-0.044121
-0.044599
0.045587
0.022411
-0.017704
0.048077
0.069654
0.065211
0.007132
0.051420
-0.047749
-0.005602
0.004497
0.039507
0.036419
-0.005137
0.043187
0.071362
-0.024809
-0.075713
0.029574
0.038312
0.049269
-0.068840
-0.044876
0.073765
-0.078785
0.069250
0.042204
0.056497
0.020692
-0.024243
0.048619
0.000872
-0.050441
-0.030260
0.041684
0.007389
-0.030595
-0.048811
0.034368
-0.080142
-0.049904
0.002545
-0.052923
-0.056914
-0.072526
-0.016912
0.080372
-0.006480
0.008967
0.043016
0.041398
-0.019769
0.005374
0.051189
0.043256
-0.002533
-0.063246
0.027195
0.006508
0.007096
0.034632
-0.027971
-0.024133
0.065923
0.030757
0.074196
0.014747
0.080641
-0.016398
-0.073452
0.022768
-0.004100
0.020984
0.080918
-0.022391
0.055223
-0.043837
-0.022004
-0.030253
0.054817
0.026792
0.066394
0.047265
-0.074164
0.012392
0.071160
-0.059715
0.014664
0.009982
0.039218
0.010313
0.043467
-0.065185
-0.013175
-0.031762
0.055257
-0.033839
0.078077
0.018344
0.017189
-0.040601
0.030062
-0.076445
-0.042774
-0.058807
-0.067702
-0.019407
-0.079560
-0.068514
-0.054620
0.048832
0.027111
-0.027122
-0.059037
-0.058668
0.004750
0.068688
-0.023374
0.000672
0.036492
-0.029078
-0.010799
0.033233
0.000515
0.021396
-0.072703
-0.024360
0.042905
-0.006534
0.034702
0.017075
-0.050044
-0.040766
-0.062542
0.044618
-0.000272
-0.039123
-0.063118
0.047955
-0.045963
0.074572
-0.013679
-0.013108
-0.079748
-0.015088
0.064004
-0.012282
0.032435
0.041306
-0.081941
-0.051577
0.058367
0.070715
0.079252
-0.060405
0.081618
-0.002249
-0.060362
-0.078946
0.027005
0.053091
0.039718
-0.041086
-0.051745
0.039992
-0.031849
-0.050550
0.040349
-0.044543
0.009947
0.075008
0.032332
-0.009908
0.068707
0.046343
0.079142
0.080081
0.005692
-0.032904
0.006684
0.011902
-0.066073
-0.052511
0.004339
0.030701
0.026145
0.052931
-0.005926
0.045727
-0.011445
-0.001561
-0.080986
-0.069735
0.064705
0.026633
-0.025767
-0.029299
0.009692
0.057788
0.067655
0.024795
-0.060996
-0.075202
-0.059806
-0.079014
0.067099
0.036452
-0.066651
-0.064935
-0.042532
-0.010711
-0.021051
0.008145
0.075160
0.039066
0.063994
0.007523
-0.024577
-0.069864
-0.044337
-0.031815
-0.066618
0.051166
0.045330
0.018880
-0.027698
-0.030095
0.027849
-0.042932
-0.081761
0.029654
0.081794
-0.059649
0.010174
-0.067506
0.054404
0.001981
-0.014731
0.067085
0.050728
-0.062258
-0.021227
0.044555
-0.066706
-0.025527
-0.080340
0.041599
0.044951
-0.006199
0.046728
0.048236
0.007681
0.024513
-0.056806
-0.058039
0.052010
-0.046865
-0.064990
0.035920
0.079638
0.043032
0.062759
0.049398
-0.067555
-0.081267
0.042187
0.075084
0.061435
0.001586
-0.073251
-0.013306
-0.025225
-0.081466
-0.064125
-0.010819
-0.080432
-0.055052
-0.053545
-0.027316
0.001251
-0.041520
-0.025111
0.021837
0.006584
-0.003346
-0.080878
-0.017868
-0.022483
0.080558
-0.022684
-0.078471
0.072621
-0.061154
0.037613
-0.052440
-0.018462
0.059008
-0.074661
-0.027420
0.010609
0.008349
-0.031499
-0.074246
0.048327
0.047458
0.082153
-0.011126
0.001826
-0.075976
0.043388
0.065063
-0.002431
-0.051310
0.058237
-0.012682
-0.054540
0.066379
0.076071
-0.006539
0.013676
-0.025785
-0.025721
-0.020572
0.001774
-0.008534
0.010269
0.035285
-0.013243
0.021362
0.028946
-0.030298
0.003207
-0.024319
-0.004178
0.073093
0.074632
0.074738
0.044363
-0.048841
0.012432
-0.044577
-0.034341
-0.033065
-0.042628
-0.021821
0.012241
-0.015522
-0.038831
-0.047411
0.028578
0.082086
0.049431
0.026055
0.019540
-0.041405
-0.041453
0.033811
-0.005999
0.059825
0.059877
0.001144
0.068941
-0.030707
-0.037797
-0.025172
-0.011828
0.057711
-0.036507
-0.020816
-0.069827
-0.039583
0.055611
-0.033181
0.073676
-0.064633
0.036979
0.011075
-0.036270
-0.080403
-0.042366
0.055215
-0.009200
-0.005336
-0.002827
0.045444
0.018896
-0.079192
0.059553
0.033022
0.032322
0.051845
0.015465
-0.039123
-0.049780
-0.003827
-0.046972
0.053634
0.032473
0.020266
0.040283
-0.023634
0.068858
0.008130
0.001943
-0.020203
0.042176
0.060909
0.052700
-0.064519
0.058283
-0.021082
0.010189
0.060401
0.018405
0.059776
0.073654
0.015094
0.016798
0.026926
0.014369
-0.013975
-0.027885
0.053242
-0.046610
0.054986
0.024324
-0.064035
-0.047387
-0.011844
0.063642
-0.021727
-0.080096
-0.047379
-0.006986
0.037658
0.012715
-0.053745
0.078709
0.003309
-0.028736
-0.051714
-0.019876
0.060442
0.077672
0.073656
0.042768
-0.006877
-0.056281
-0.032004
-0.034732
-0.013028
0.058634
-0.019022
-0.082318
0.023550
-0.077871
-0.056805
0.014164
-0.019899
-0.050693
0.068730
-0.074406
-0.058108
0.047709
-0.081271
-0.040570
0.012570
-0.065542
-0.052016
-0.038900
-0.078149
-0.027014
-0.046023
0.049037
-0.042225
0.013755
0.038539
0.028204
-0.019273
-0.012556
0.067361
-0.080587
-0.006593
-0.002391
0.062590
-0.008251
0.069917
0.044706
-0.066856
-0.015094
-0.070391
0.027326
-0.003330
0.036710
-0.048986
0.069975
-0.030603
-0.056959
-0.022070
-0.076601
0.012238
0.006081
0.050762
0.001019
0.056916
-0.031948
-0.063557
-0.000713
-0.049445
0.039226
0.062782
-0.070427
-0.035053
-0.020339
0.077433
-0.067866
0.031391
0.034871
0.073956
0.033255
0.032874
0.058068
0.019720
-0.043186
-0.056968
-0.018509
0.032230
-0.076157
0.050541
0.045929
-0.061579
0.006237
-0.012280
-0.036323
0.061304
-0.016093
0.017180
-0.062586
-0.062344
0.058158
0.073485
-0.035907
0.080490
-0.053620
-0.014929
-0.066284
0.022498
-0.011336
0.026136
0.064663
-0.050547
-0.069231
0.077009
0.027070
0.070341
-0.021879
0.022986
-0.078597
-0.030603
0.030847
0.072801
0.022771
0.047255
0.036599
0.006198
-0.012498
-0.040204
0.002550
0.047443
0.065186
0.032733
-0.026866
-0.060484
-0.029202
0.072698
-0.008647
-0.028276
0.025413
0.039163
0.002777
-0.031121
0.077883
-0.029632
0.074157
-0.031369
-0.039153
-0.054231
-0.012427
0.067607
0.054422
-0.064415
-0.047056
-0.049428
0.066468
-0.034011
0.027360
-0.076045
0.062779
0.056119
-0.028056
0.057074
0.057559
0.059077
0.016813
0.053147
0.032748
0.015275
-0.048297
0.071629
0.073216
0.071422
-0.027640
-0.036503
-0.003749
0.049098
-0.034126
0.049784
-0.029477
0.026113
-0.055404
0.037875
0.040165
-0.081710
-0.008234
-0.015715
0.050209
-0.050227
0.079766
-0.047730
0.013526
0.022135
0.054247
0.080639
-0.073141
0.026506
-0.013671
0.070274
-0.065856
-0.010065
0.038762
-0.066068
-0.021081
-0.040106
0.082457
-0.072829
0.011943
-0.006066
-0.056086
-0.018987
0.046561
-0.041693
-0.043289
-0.012430
0.065828
-0.052399
-0.037615
-0.059929
0.044336
-0.021713
0.074746
0.001075
-0.040281
-0.069198
-0.021851
0.062706
-0.058575
0.028693
0.064018
0.064084
-0.026013
0.032800
-0.006098
-0.073408
-0.077364
-0.009571
0.000648
-0.021387
0.000130
0.037556
0.034047
0.074089
-0.020257
-0.012718
0.015558
0.043622
0.003053
0.053445
0.041679
0.018669
0.036938
-0.047146
0.025986
-0.037503
0.073522
0.044441
-0.053415
-0.074632
0.064356
0.061206
-0.064312
0.056117
-0.073921
-0.072965
-0.044737
-0.012634
0.060257
-0.037530
-0.010519
0.028327
-0.003297
-0.069430
-0.058672
0.062985
-0.002684
0.027754
-0.035782
-0.058594
-0.011325
0.062291
0.058717
0.006461
0.071629
0.034232
-0.071747
0.017478
0.053054
-0.031266
0.001494
-0.013551
-0.074736
0.056186
-0.021275
0.049375
-0.007119
-0.015637
-0.074927
0.071683
0.049400
0.064245
0.066532
-0.068062
-0.024506
0.020266
-0.045829
-0.006573
-0.005029
0.036549
-0.037835
0.051236
0.054524
0.008136
0.055907
0.003087
0.072855
0.033739
-0.013045
-0.012277
-0.064544
0.036167
-0.063969
0.056875
0.035629
-0.076557
-0.034298
0.046362
0.025415
-0.010039
-0.025281
-0.027209
-0.020528
-0.028217
-0.078059
0.069736
0.028319
-0.021193
0.080765
-0.045616
-0.021052
-0.018471
0.060814
-0.003316
-0.009438
-0.048889
0.018593
0.053071
0.062470
-0.043801
-0.017184
-0.028997
-0.065927
0.036410
-0.075790
-0.020610
0.071691
0.060016
0.018892
-0.048618
0.035427
-0.026062
-0.046413
0.031568
-0.021423
0.081292
0.032083
0.001983
0.019986
-0.016063
-0.081122
-0.060567
-0.044740
0.064690
-0.022092
-0.043346
0.004238
-0.069092
-0.079447
-0.060605
0.038153
0.036697
0.028954
-0.020676
0.010568
0.066064
0.051268
0.036785
-0.024423
0.028828
-0.080253
0.036232
0.016548
-0.025269
-0.034582
0.050972
-0.000356
-0.058722
0.005185
-0.035470
0.078703
-0.071453
0.055516
0.038898
-0.063687
-0.058239
-0.013797
-0.018028
0.082394
0.014959
0.054608
-0.067112
-0.048775
0.078846
0.061229
-0.048596
-0.000593
0.034162
-0.043987
-0.022475
0.041784
0.040039
0.017020
-0.064849
0.002399
0.058894
-0.014138
-0.040687
0.014938
-0.057469
-0.078897
-0.080017
0.078303
0.030578
0.075114
-0.036375
-0.043828
-0.032995
-0.038813
0.080467
-0.073843
-0.066127
-0.013372
-0.058471
-0.034095
-0.050374
0.034126
-0.080869
0.066879
0.001582
0.049518
0.039455
0.070095
-0.070022
0.063050
0.041529
-0.023058
-0.026666
-0.018736
-0.015913
0.029759
0.054609
-0.014814
0.001433
-0.029836
-0.077064
-0.010580
-0.003552
0.035356
0.022468
0.006959
0.037060
0.007655
0.039043
0.055251
0.028043
0.074377
-0.073417
0.039666
-0.028656
-0.058911
-0.036853
0.018946
0.024791
-0.007701
-0.003244
-0.066661
0.015403
0.048333
-0.032089
-0.059068
-0.023144
-0.047091
0.064115
0.011476
0.073805
0.044396
-0.055178
0.000918
0.074515
-0.075872
0.033169
-0.056074
0.043553
-0.053868
0.030620
-0.031610
-0.041016
0.056386
0.022779
0.039629
0.011567
-0.040404
-0.015182
0.017601
0.038721
0.023754
-0.071291
-0.054201
-0.061882
0.009630
0.041167
-0.053708
0.074529
0.058909
0.074421
-0.018555
0.028091
-0.076546
0.047996
-0.047025
0.058446
-0.045522
-0.041729
-0.043828
0.036650
-0.059820
-0.047611
-0.042728
0.009435
0.078885
0.020053
-0.065701
0.011574
0.016940
0.061543
-0.044760
-0.045825
0.048566
0.038252
-0.005063
-0.048642
0.058928
0.019356
0.054897
-0.050312
0.002291
0.010508
0.045483
0.041871
0.006078
-0.030104
-0.072774
0.073824
0.081687
-0.071641
0.046524
0.057523
0.020561
-0.075734
-0.029097
-0.074646
0.017354
0.065613
-0.018812
0.078444
-0.057038
-0.041110
0.072627
-0.060253
0.022439
0.055453
0.025797
-0.009479
-0.074089
0.079595
-0.013267
-0.036050
0.038319
-0.013587
-0.071605
0.082097
0.025044
-0.023180
0.075658
-0.007294
-0.051229
-0.006554
-0.064965
-0.031223
0.012177
0.074481
-0.059648
-0.024447
0.059938
-0.049665
0.015008
-0.030533
-0.041435
0.075798
-0.009345
0.031399
0.042545
0.006739
-0.031478
0.071672
-0.038482
0.048933
0.043031
-0.055881
0.059902
-0.063115
-0.002520
0.026445
0.076488
0.017973
-0.000336
0.036166
0.065034
-0.007135
-0.073952
0.011966
0.051352
-0.055717
-0.011616
-0.035130
-0.002947
0.018605
-0.070777
0.070671
-0.071587
0.065259
-0.049611
0.056800
0.042912
0.008544
-0.050701
0.050775
0.044630
0.046972
0.017041
0.020720
-0.032427
-0.029409
-0.081101
-0.055822
0.038377
0.061189
-0.037596
0.040185
-0.009221
-0.075825
-0.071236
0.049168
-0.075324
-0.055394
-0.045144
0.031074
-0.004740
-0.075903
0.043192
0.021343
-0.062765
0.007422
-0.039793
0.043500
-0.030581
-0.036586
0.067198
0.057578
-0.000293
0.066896
-0.044507
0.036686
-0.080777
-0.054496
-0.027077
-0.019166
0.076551
0.062841
0.056914
0.078241
0.011015
-0.059447
0.082336
0.005054
0.032120
0.020077
0.014268
0.010322
-0.062248
0.070158
0.047014
0.055193
-0.019894
0.000280
0.064763
-0.061797
-0.043666
-0.018967
0.006044
-0.034559
-0.060154
-0.011176
-0.065753
0.040447
0.005659
0.040437
0.009916
0.026608
0.015270
0.043560
0.009228
-0.069363
-0.016613
0.043821
-0.014906
-0.000143
0.076353
-0.046894
0.071176
-0.069604
-0.022736
-0.065023
-0.012402
0.063870
-0.018370
0.038801
-0.012051
-0.043018
-0.004807
-0.031084
0.002135
-0.022563
-0.058995
-0.070115
0.025948
-0.075085
0.072139
0.065698
0.043103
0.055945
0.058208
-0.032384
-0.035387
-0.081819
-0.062115
0.001257
0.057226
0.043864
-0.021515
0.056756
-0.010448
-0.040170
0.059158
0.072648
0.001239
-0.017447
0.020501
-0.058857
0.006052
0.041523
-0.001396
-0.012677
-0.077892
-0.056630
0.062346
-0.005762
-0.075772
0.033105
-0.022015
0.006230
-0.045349
0.053053
-0.027825
0.004783
0.059840
0.009114
-0.034597
-0.034039
0.001980
-0.027588
-0.082199
0.051037
-0.058926
-0.052287
0.078262
0.079360
-0.059081
0.074894
-0.039742
-0.030409
-0.044388
0.044197
0.044865
0.033555
0.015241
0.052479
0.068552
0.063390
0.053236
0.037251
0.044676
0.003652
-0.018087
-0.011989
-0.003735
-0.017907
-0.028892
0.010921
0.003565
0.051256
-0.008314
0.025284
0.008268
0.049205
-0.065687
0.055961
0.010847
0.048247
0.050700
-0.042169
0.057098
-0.042652
-0.059057
-0.067282
0.070427
-0.059168
0.058467
0.062635
-0.004983
-0.018183
-0.007413
-0.060510
0.026904
0.050720
-0.073585
-0.072798
-0.039297
0.082456
-0.050033
0.034968
0.077415
0.058814
-0.039126
0.064546
0.039824
0.073840
0.036698
0.043277
-0.065801
0.076303
-0.076031
0.073474
-0.062410
0.047516
0.069732
-0.036316
-0.044194
0.034860
0.070931
-0.078369
-0.077031
0.071508
-0.046738
0.074708
0.078433
0.020780
-0.044231
-0.035522
-0.060795
0.069892
0.070851
0.064999
-0.025390
-0.021145
0.068361
-0.069913
-0.011695
-0.062471
0.079575
-0.021016
0.004139
0.078887
0.080506
0.066573
0.003361
-0.036960
0.054915
-0.043675
-0.068225
0.047030
-0.001706
0.020795
0.045895
0.081965
0.043450
-0.081211
0.038690
0.078125
0.013004
0.048044
-0.075181
-0.071494
0.001712
0.032447
0.020134
0.058826
-0.020892
-0.053071
0.064707
0.050607
0.016773
0.033899
0.012993
-0.034045
-0.069589
0.015436
0.037257
0.024666
-0.044087
-0.068005
-0.002657
-0.004198
-0.075326
-0.079333
0.039557
0.059538
-0.037232
0.060165
-0.080479
0.071982
0.072196
-0.077683
-0.042265
-0.033215
0.019635
0.027813
-0.044048
-0.042941
0.031650
-0.039933
0.047650
0.069007
-0.063590
-0.053968
-0.054037
-0.000872
-0.062477
0.074980
0.077298
0.008416
0.027319
-0.076711
0.056763
0.001236
-0.050509
-0.017768
-0.000461
0.023618
-0.054106
0.068314
-0.028706
-0.048922
-0.047197
-0.022904
-0.040425
-0.000832
0.003084
0.071168
0.075297
0.082478
0.018479
0.076216
-0.039538
-0.031606
0.043572
-0.021789
0.060562
0.035766
0.079408
-0.005300
-0.026201
-0.058836
0.044774
0.034712
0.006421
-0.050603
0.048958
0.026330
0.045455
0.057675
0.038415
0.080667
0.025046
0.002698
-0.009898
0.059940
0.024031
-0.059811
0.048917
-0.043956
-0.036701
-0.041162
0.044049
0.059776
-0.064310
-0.062680
-0.064924
0.018242
0.060637
-0.062037
-0.047479
-0.009401
-0.039917
-0.068422
0.025580
-0.011755
-0.070515
-0.010556
0.039657
0.035615
0.019824
0.054817
0.010054
-0.028695
-0.073011
-0.071162
-0.022871
0.051330
-0.026248
0.046609
-0.017464
-0.063376
0.034798
0.018230
0.003325
-0.043246
0.071031
-0.021256
-0.020691
0.017243
-0.058092
-0.059453
-0.014173
0.002155
-0.068018
-0.008008
0.048074
0.011950
0.020951
0.043407
-0.005302
-0.041281
-0.012214
-0.079953
-0.038949
0.036948
0.053312
-0.018125
-0.066482
0.006084
-0.014472
0.005470
0.064207
0.080053
0.017977
0.014066
0.019199
0.023670
-0.045315
0.025570
0.004514
-0.048415
-0.002540
-0.058260
0.000967
-0.046823
0.038669
-0.043798
-0.016560
0.036389
0.072896
0.011114
-0.036157
-0.043346
-0.066371
-0.068003
-0.052587
-0.022707
0.035901
0.059323
-0.078627
0.005207
0.033386
-0.078827
-0.001202
-0.079644
0.003186
-0.010289
0.012338
-0.041180
-0.076581
-0.014597
0.010434
-0.002142
0.044844
-0.033490
-0.040281
-0.053433
-0.069995
-0.009801
-0.049561
0.035158
0.039315
-0.063728
-0.067007
-0.019351
0.081072
-0.006584
0.042945
-0.063276
0.017790
-0.047731
-0.046695
-0.021099
-0.015716
0.053470
-0.050233
0.051385
-0.033963
0.072435
-0.065172
0.005267
-0.020507
-0.066060
-0.042421
-0.075770
-0.036388
0.041176
0.011855
-0.042296
0.015261
-0.055089
-0.010448
0.031833
0.066128
-0.066474
-0.014575
0.044363
-0.067905
-0.031801
-0.023598
0.019533
0.025343
0.053454
0.031040
-0.018086
-0.003424
-0.013048
0.020345
0.061727
-0.062720
-0.015389
0.027805
0.052068
-0.082249
0.061906
-0.005742
0.055533
0.001863
0.065751
-0.042532
0.007688
0.039976
0.041367
-0.049287
-0.029973
-0.009447
0.019979
0.066260
-0.041722
0.035675
0.064140
0.061766
0.015426
0.073434
0.042336
0.028279
-0.038579
0.081085
0.050249
0.037940
0.012514
0.018270
0.007951
-0.012258
0.019454
0.067861
-0.072898
0.076640
0.037036
-0.081275
-0.059818
-0.023388
-0.010873
-0.016548
0.062442
-0.017934
-0.044390
0.018412
-0.036485
0.045094
0.076305
-0.042339
-0.019451
0.015970
0.079120
-0.026807
-0.005596
0.005463
-0.066254
-0.017794
0.026041
0.041946
0.080753
-0.031182
0.051868
0.010990
0.066710
0.041751
0.032404
-0.074362
-0.006687
0.011620
-0.008598
-0.075999
-0.002811
-0.051911
-0.059671
0.004355
-0.016608
-0.065925
-0.047501
0.064776
0.066121
-0.033589
0.025374
0.017903
-0.028327
0.069997
0.028470
0.011818
0.073944
0.059986
-0.056010
-0.058693
0.074942
-0.055101
-0.079160
-0.021435
-0.024317
-0.014973
-0.023942
0.080549
0.049700
0.013486
0.079579
-0.013758
-0.067122
-0.002581
-0.034182
-0.067580
0.036737
-0.059034
0.076830
-0.060019
0.042879
0.025622
-0.082335
-0.044355
-0.024376
-0.079763
0.061459
0.017248
0.000903
-0.038173
0.006608
0.035064
-0.066620
0.009125
0.009886
0.050877
0.009737
0.037840
0.004499
-0.033048
0.008535
-0.042986
0.073818
0.004572
-0.064526
-0.030947
0.056698
0.071876
-0.053452
-0.014476
0.005916
0.041922
0.041921
0.025394
-0.062721
0.003433
-0.019453
0.066195
0.067491
-0.081900
-0.004176
-0.055955
-0.002028
0.053381
0.020370
-0.002606
-0.063996
0.032114
-0.054108
0.038162
0.048231
-0.011316
0.062214
-0.078688
-0.066524
-0.056356
0.009342
-0.000403
0.076067
-0.010558
0.072842
-0.006419
-0.043172
0.013935
0.003047
0.048090
0.040566
-0.012352
0.003530
0.012104
-0.017378
-0.048934
-0.000649
0.081076
-0.057508
-0.015866
-0.036818
-0.028209
-0.065982
0.001055
-0.017266
0.050879
0.079599
-0.035422
-0.076984
-0.002004
0.037237
0.054517
0.044024
-0.016232
0.055387
-0.033143
0.071706
0.080909
0.075150
0.077419
-0.051742
0.036108
-0.062777
-0.058813
0.000109
-0.046861
0.074279
-0.056383
0.063587
-0.081984
-0.055728
0.023925
-0.075464
-0.047805
-0.050689
-0.049323
0.051290
0.038032
-0.018051
0.031870
-0.009843
0.006324
0.038321
-0.056683
0.069080
0.029015
-0.058217
-0.076791
-0.081537
0.074412
-0.080223
0.053797
0.067013
-0.068858
0.082043
-0.057681
0.042006
0.025385
-0.006198
-0.025185
-0.031043
-0.082044
-0.061833
0.063715
