0.8647608
0.84550595
0.7691414
0.8032612
0.78914255
0.8144119
0.9032747
0.8368134
0.8249618
0.8124501
0.8317755
0.7962489
0.84107065
0.78357756
0.79996514
0.81352854
0.8760089
0.74718213
0.74377793
0.75633055
0.8418083
0.8524959
0.8360467
0.78618973
0.8209554
0.8097953
0.80358106
0.74675924
0.8337781
0.8456085
0.80110365
0.7839384
0.8493054
0.74196345
0.89943236
0.78962857
0.85930866
0.8505903
0.8811763
0.75553864
0.7564791
0.86209613
0.8891416
0.8989059
0.8272013
0.84910643
0.7803826
0.86081463
0.7741045
0.78230965
0.8017494
0.83560234
0.82242566
0.8627523
0.75514114
0.7892718
0.7798946
0.8469055
0.76650697
0.82387674
0.9082256
0.83143103
0.8969619
0.765923
0.8083213
0.87390316
0.85749483
0.9216092
0.8406566
0.7922845
0.8043073
0.76002777
0.8442752
0.8312259
0.8007194
0.7938897
0.7767454
0.81327236
0.8893523
0.79610056
0.8054296
0.85150737
0.89028734
0.7319593
0.7334365
0.796522
0.8764098
0.8489029
0.8449389
0.77855194
0.8239134
0.76028055
0.8201319
0.83737266
0.82050866
0.7912495
0.79911447
0.8829511
0.8349686
0.9460774
0.84573865
0.82204217
0.91645557
0.8356074
0.7639823
0.8526115
0.80927557
0.8026754
0.8222869
0.8874565
0.8633933
0.84824044
0.85726935
0.7802092
0.880185
0.71603316
0.7748218
0.81969255
0.97035605
0.8582282
0.80809224
0.8294902
0.79861987
0.8457395
0.78329104
0.8518711
0.763753
0.7888829
0.94132435
0.83626294
0.87254745
0.833702
0.8243807
0.8248795
0.79081666
0.8759147
0.8267918
0.74956286
0.8275261
0.82711357
0.82254106
0.8378356
0.79705226
0.78508455
0.8373279
0.83740467
0.89441043
0.80710477
0.8044594
0.8549101
0.87279046
0.7635674
0.8032723
0.76632994
0.82794297
0.8144358
0.80163294
0.89001805
0.8045692
0.8577316
0.7532727
0.75699896
0.8382186
0.6795833
0.80865026
0.821067
0.84836316
0.8237379
0.8090288
0.836731
0.78431875
0.82850856
0.8151469
0.84836173
0.7798386
0.80036366
0.81551635
0.8018048
0.83112395
0.88504416
0.85502225
0.8239578
0.8879588
0.861148
0.8751142
0.81869304
0.79135185
0.811674
0.79029214
0.79777026
0.7713694
0.72542477
0.85837203
0.7569753
0.8026273
0.76850355
0.8289452
0.82133836
0.87007546
0.8352167
0.8516098
0.80846703
0.8018636
0.84701276
0.8309807
0.69834906
0.7416796
0.8208503
0.8847311
0.8348977
0.84577537
0.79902726
0.8087669
0.8027171
0.88248044
0.83978426
0.85624623
0.7489652
0.8526438
0.84466976
0.8015152
0.84761024
0.77963835
0.7850195
0.8324863
0.73197126
0.88015985
0.90265936
0.8746704
0.9554482
0.8430432
0.81345546
0.80444056
0.8150085
0.845066
0.8389054
0.8145352
0.7850139
0.76620096
0.86027485
0.8465531
0.9028776
0.8958941
0.93896204
0.8724405
0.75386935
0.8608094
0.77163166
0.9362704
0.9041017
0.79596186
0.81467354
0.7274977
0.9252719
0.8023378
0.83031154
0.7945571
0.79308444
0.9073737
0.9145999
0.7920173
0.8107316
0.8395119
0.72720903
0.8024432
0.8114342
0.8407921
0.76430875
0.90684056
0.83537173
0.8119402
0.782046
0.81832623
0.80425864
0.7418665
0.8243137
0.7225589
0.7950476
0.8205658
0.79816276
0.7299227
0.8409201
0.8266188
0.72936374
0.8531984
0.8271538
0.77409285
0.8371921
0.86338884
0.8156033
0.7433116
0.83107126
0.80440146
0.93349224
0.8156996
0.853874
0.88820887
0.77098054
0.76636046
0.7939209
0.8201973
0.9058332
0.8326703
0.8399582
0.7385296
0.79531294
0.7635325
0.71473455
0.7870944
0.80106574
0.84103656
0.93494177
0.8779895
0.9259192
0.8015775
0.89499426
0.7775273
0.89501417
0.78500164
0.7580104
0.78369665
0.8158328
0.81709677
0.8343188
0.8278098
0.81125915
0.8438277
0.8034042
0.80006796
0.7385839
0.85817057
0.7952713
0.75128067
0.8348254
0.9182068
0.8544187
0.9370282
0.76809335
0.76741636
0.89167583
0.9187626
0.7885139
0.8345653
0.7921756
0.8940148
0.80776286
0.82984316
0.81385976
0.8676644
0.8019757
0.8306671
0.82878137
0.79961574
0.8196691
0.8136535
0.7763071
0.7480487
0.74781114
0.8093177
0.789713
0.7459419
0.92328817
0.7978017
0.83641094
0.84906626
0.8346381
0.8065127
0.78657836
0.8812937
0.825693
0.7256001
0.81123704
0.86134994
0.7985563
0.7990806
0.729538
0.7626378
0.8067817
0.7840686
0.80379486
0.84620994
0.7459934
0.8344688
0.840179
0.840221
0.8563449
0.8311834
0.8520714
0.8208311
0.8730856
0.8002388
0.84871525
0.7397288
0.937009
0.82675904
0.8235115
0.77641267
0.8170304
0.7924949
0.8556537
0.82293236
0.8355289
0.86938196
0.89035976
0.8245273
0.71588814
0.79798985
0.8776035
0.85985494
0.8161338
0.8154823
0.88155025
0.7650254
0.81271744
0.82509536
0.860538
0.8168375
0.8242203
0.938913
0.7825852
0.80504763
0.80232924
0.73454523
0.8989059
0.8404223
0.8001836
0.8207107
0.777755
0.88378453
0.8697646
0.8559886
0.87477577
0.8319569
0.80063623
0.8113011
0.7975508
0.8267072
0.80891347
0.8386353
0.862789
0.77089316
0.86536026
0.8677762
0.815288
0.7830012
0.7784975
0.8105696
0.9856779
0.7939928
0.7412188
0.8804235
0.7833186
0.765631
0.78519905
0.8761599
0.847597
0.791716
0.8892566
0.8462924
0.84106064
0.85637593
0.8628716
0.83691454
0.8270126
0.83309793
0.7971548
0.8061155
0.8561899
0.8776871
0.9200773
0.79042536
0.84775776
0.86801445
0.869145
0.77636284
0.9537745
0.84923697
0.81029874
0.8360809
0.80451435
0.7981982
0.8097489
0.934216
0.8076859
0.7563543
0.7645544
0.8021359
0.7888146
0.8279816
0.7292631
0.8993744
0.8896837
0.8371163
0.8025533
0.834081
0.8169003
0.7491522
0.7988091
0.75446326
0.8101184
0.784627
0.75734836
0.832956
0.8066548
0.7810478
0.84397477
0.8335597
0.8202565
0.7391849
0.8189764
0.78336877
0.8749619
