0.2886076
-0.11105473
0.13387492
-0.12242352
0.14973731
-0.025928572
-0.29849482
-0.17001712
0.074085444
0.06147649
-0.15159968
-0.1795986
-0.1579199
0.26419088
-0.2060977
-0.16805178
-0.049914703
-0.32174486
0.06203053
0.28014338
0.019479092
-0.16377658
-0.32936698
0.3334033
0.08341633
0.03362547
0.25658792
-0.10494871
0.01105931
-0.27636245
0.0491115
0.017313153
-0.17648306
0.05949916
-0.23474751
-0.07896066
-0.10197366
0.06962752
0.05686748
-0.23137517
-0.34949452
0.10242279
-0.10330591
-0.011559794
-0.10398576
-0.13680097
-0.090122506
-0.08289726
0.11359495
-0.0070809573
-0.0697663
0.29688936
0.2287471
-0.3049883
-0.19138573
0.32131428
0.3026454
0.034222685
-0.070271015
0.03871677
-0.16171584
-0.052198112
-0.23342943
-0.020389304
0.032411054
-0.04853168
0.13555111
-0.032877114
-0.20501533
-0.1277422
0.13267969
-0.054964356
-0.16866381
-0.23623464
0.26511702
-0.34650043
0.05488217
0.03737797
-0.09048728
-0.24938045
0.14052692
0.18216017
-0.07124168
0.1263523
-0.17878951
0.06985677
-0.10697738
0.33500186
-0.01481019
-0.020159937
0.093799755
-0.026252672
0.08194411
-0.099090815
-0.17991744
0.2633004
0.08551463
0.14545883
0.057945017
-0.08329555
-0.19345513
0.12241127
0.15464434
0.04848464
0.0980185
0.06560975
0.04417962
0.016727015
-0.11156206
0.37515408
0.059098527
0.000341177
0.24953368
-0.072658315
0.005190447
-0.021546293
-0.021815658
0.018128164
0.04776524
0.08562132
0.034550864
-0.049185455
-0.1104175
0.05687383
0.0031956732
-0.037021477
-0.09102953
-0.19421312
-0.043896034
0.19205895
-0.1524504
-0.014770374
-0.097693056
0.057054862
-0.12090052
0.44133684
0.0894654
-0.017288007
-0.22520657
-0.46106276
0.050476257
0.057836264
0.08033324
0.008918926
-0.13420081
0.053103376
0.10115675
-0.16141436
-0.14680487
-0.033951633
-0.2507713
-0.21085936
0.113395214
0.06028726
-0.015856154
0.08509447
0.47850478
-0.123496436
0.20482147
0.18772039
-0.4041086
0.04989729
-0.26033863
0.28010228
0.13153152
-0.47880122
-0.14062533
-0.20997712
0.07285568
-0.07542107
0.11254975
0.012614217
0.025248356
0.2657327
-0.24036369
-0.21616374
0.14276168
0.2178206
0.021768766
-0.047793552
-0.04076834
0.4321893
0.155552
0.2653117
-0.29966265
0.0073161013
0.09861773
0.22240482
0.09858364
-0.062125318
-0.1016227
-0.11308849
0.35871366
0.04050175
-0.24343163
-0.054399595
0.116677105
0.059407715
0.34575224
-0.14163576
-0.0778825
0.33510995
-0.099749684
0.23070091
-0.0065826923
0.21154727
0.26014057
-0.1499059
-0.13047513
0.12527193
-0.22196805
-0.27326694
-0.17537011
0.14741312
0.3748253
0.044246897
0.07055864
-0.23208322
-0.2987739
0.3213036
0.14230809
-0.14361525
-0.14872566
0.16416533
-0.39826924
0.3505747
0.01347205
0.22600426
0.034341075
-0.21420588
-0.17376721
0.23740648
0.065324225
-0.028163768
0.12222367
-0.046524853
-0.14007667
-0.073422514
-0.126002
0.060852107
-0.11044006
-0.08631401
0.0092927925
-0.08213182
-0.07530072
0.059952676
0.27923536
-0.23895836
0.14409104
-0.06066975
0.3453411
0.13034837
0.029942662
-0.12525223
0.21240953
0.29414785
0.08298225
0.05352262
-0.24092907
-0.37362534
0.3541261
0.20932436
-0.27905163
-0.2105416
0.22570148
0.07669264
-0.3858236
-0.0810092
-0.19826613
-0.12895557
-0.06594869
-0.2590332
-0.04991771
0.019163333
0.042447444
0.044274338
-0.064234816
-0.066455394
-0.015425287
0.04135357
0.013247907
0.034436405
-0.2206987
-0.10566887
0.12828636
0.27753565
0.08527478
0.22140856
0.1906372
0.0960505
0.12309202
-0.22530721
-0.32487243
-0.08899265
-0.07729389
-0.36260238
-0.024697453
-0.4270333
0.1083812
0.09604362
-0.39844623
-0.04499262
-0.038652055
0.111743264
-0.101508304
0.37898734
-0.26388702
-0.06341867
0.11624261
0.11381955
0.049304
-0.1108322
0.23745634
-0.26617897
-0.22529306
0.30572495
0.1342346
0.22981995
-0.4767806
-0.005600497
-1.6849488e-05
0.13049413
-0.116619065
0.41122907
0.040213667
0.16023484
0.2410282
0.24344558
-0.07685496
-0.055443063
-0.004168622
-0.054566793
0.18674162
0.18665443
-0.06964345
0.57115805
0.2960551
0.25635526
0.33610746
-0.12736398
-0.13133477
-0.13835639
0.33153874
0.02822735
0.012253419
0.09257187
0.05580032
-0.049193963
-0.12651649
-0.007975034
0.08602831
-0.40751392
0.099178515
-0.059660707
0.056289062
0.19091429
0.105678976
0.06856446
-0.06648161
0.09634571
-0.32917452
-0.15404017
-0.04501605
0.34689516
-0.003738299
-0.14662364
-0.2895043
-0.012266919
0.20755191
0.25144035
0.15804806
0.010967188
0.15457848
-0.098009765
-0.14153984
0.2633946
0.12602723
-0.309829
0.20070969
0.01720868
-0.19873227
-0.03852815
-0.011796288
0.32312152
-0.35087258
0.38398415
0.20281328
-0.108824775
-0.107018456
0.24365255
-0.13259202
0.25475895
0.13839152
-0.086202115
0.012240648
-0.33235443
-0.0059500337
0.10840594
-0.2869587
-0.07578874
