0.115092
0.0028936388
-0.10501535
0.21343333
0.03788003
0.19220068
0.004795235
0.11986896
0.24390765
-0.25501716
0.21291274
-0.07985796
0.22662453
0.047363553
0.062491257
0.0250522
-0.023064084
-0.015770713
0.12812135
-0.056148883
-0.014829795
0.0068005444
-0.13584219
-0.05817031
0.039512582
0.19643606
-0.0026407917
-0.15894073
-0.02320762
0.24359588
-0.08208375
-0.22329974
0.21384679
0.06560872
-0.044656288
0.015306725
-0.29244888
0.057064086
0.06950357
0.014192749
0.014707981
0.03163838
-0.028882636
0.11971093
-0.07019437
0.074454375
-0.1366204
0.15219076
-0.1161534
-0.16292177
-0.053896047
-0.10270588
-0.040731568
0.04159917
0.060789812
0.11984528
-0.074947365
0.076264516
-0.02940929
-0.17742085
0.065673806
0.05566134
-0.0861807
-0.056711007
-0.029014355
0.068936445
-0.067102164
0.0137840565
-0.106497094
-0.021691857
-0.13050719
0.059357267
-0.22507465
-0.012356361
-0.06449709
-0.097577475
0.088363126
0.11244206
0.2530582
0.07073635
0.026005263
0.029228145
0.005688449
0.1342347
-0.05429033
0.038645938
-0.18129927
-0.031083088
0.061837364
-0.022155147
-0.055819005
0.23078442
-0.08035641
0.04873136
0.13623254
0.015684154
-0.013306189
0.32719532
0.13017555
0.25734
0.03631541
-0.069450125
-0.0076573486
0.10217185
0.16522668
0.0063581397
0.06652793
-0.010098709
0.17862576
0.07342241
0.16724536
-0.1566748
-0.07016909
-0.1718407
-0.05246365
0.03331414
-0.17638735
0.18171011
-0.44301283
0.18052354
-0.033614054
3.620247e-05
0.20205995
-0.028724838
-0.12775019
0.11768312
0.16724192
0.009193406
-0.2392769
0.035674367
-0.07241722
-0.06389885
0.06820994
0.055502266
-0.09942393
-0.17922086
0.22619742
0.18089217
-0.06809317
-0.35820994
-0.025491953
0.09578749
0.07694016
-0.10412234
-0.20214064
-0.08538082
-0.11371048
-0.028883439
-0.0880486
0.15057653
0.09336012
-0.09887351
0.03085464
-0.19111937
0.0063772695
-0.18235996
-0.1278658
-0.012599729
0.113761194
0.036270212
0.17606707
0.08247861
-0.042895507
0.020553365
-0.024618356
-0.22153291
0.0124726305
-0.008823833
0.09867274
-0.09403591
0.07809121
-0.26405248
-0.1335623
0.19634195
0.02031107
0.070721015
-0.12294655
-0.041534994
0.009087339
-0.04785435
0.074802615
-0.23750943
0.07123965
-0.19018456
-0.0055576474
-0.17951986
-0.010464158
-0.05214292
0.060817145
0.025178429
0.043442722
0.009591414
0.0645545
-0.038929656
0.03356427
-0.07172443
0.06304924
0.06817714
-0.060408685
-0.25575274
0.066632405
0.073813796
-0.053901277
-0.01033312
0.25627312
0.0148182325
-0.1126593
-0.17880104
-0.00031110845
-0.1884185
-0.022416122
-0.32810956
0.045574233
0.05200644
-0.023416277
-0.038294442
-0.11284034
-0.13798177
-0.08166878
0.14070816
-0.006466459
-0.07719161
0.10587466
0.26831454
0.07679881
0.06284488
-0.07456787
0.044026352
0.0922818
0.075675555
-0.2190364
-0.05608876
-0.051742308
0.11662128
-0.04552627
-0.1573551
-0.06485109
0.14100142
-0.19267815
-0.2229487
0.003998058
-0.17946242
0.09501478
0.028043296
0.0561547
0.13340202
-0.054400567
-0.13384819
-0.013481905
0.09269022
-0.0016713794
-0.021375975
-0.15874533
-0.04996765
-0.078104585
-0.04786208
-0.1723922
-0.023679653
-0.020600187
0.0628311
0.0720327
-0.01876438
-0.14331892
-0.23640525
0.019497938
-0.075666845
0.0040163426
0.12590778
0.07104663
-0.01946912
-0.095177665
0.07604475
-0.069575906
-0.09297567
0.07936427
0.019400155
-0.03062606
0.11386095
0.02492253
-0.10051228
0.08680213
-0.04013764
-0.025537752
-0.00014351482
-0.15831067
0.11922872
0.008683938
0.30240056
0.09707142
-0.1217426
0.10942763
0.0015650961
0.078420006
0.075868465
0.17254941
0.021487845
-0.21192339
0.06806767
-0.19549102
-0.11709047
0.056950722
-0.1275468
0.2596756
-0.15836105
-0.11075226
-0.06765988
0.041494694
0.23285963
-0.0624471
0.06820353
-0.034184147
0.0685288
-0.38118923
-0.08819512
-0.005828833
-0.07992965
-0.06757428
0.11816382
0.014770186
0.19460243
-0.09621525
-0.20746472
0.118224345
-0.007828055
-0.03401137
-0.06603092
-0.0027966348
-0.080836765
-0.0073175943
0.16876166
-0.11781031
0.12224462
-0.034056272
0.15063931
-0.056806173
0.064092904
0.106213816
0.067369506
0.058656782
-0.17004605
0.08571873
-0.010569495
0.24460262
-0.051564127
-0.13012804
-0.03745172
-0.15782768
0.16911064
-0.21468288
0.032054514
-0.08906869
-0.16355892
0.056460932
0.031051155
0.025925796
0.21423219
-0.0009431505
0.20214278
-0.018025056
0.08384492
0.064872794
0.0067878207
0.045195285
0.16399787
-0.039177228
0.06435155
-0.143943
0.13708678
0.00087515824
0.16866854
-0.09666002
0.2680937
0.03719812
-0.15569586
-0.15014446
-0.106450744
-0.063072495
0.04231533
0.05436967
-0.1069816
-0.053432733
0.08900314
0.0415143
0.25941655
-0.11366201
-0.2656945
0.14903809
-0.062250696
0.14010687
-0.16613369
-0.231853
0.029760092
0.071613185
-0.2712537
0.16887452
-0.2503277
0.2716658
-0.16774413
-0.060442407
-0.18389674
0.050535843
0.12817292
-0.02943455
0.1013026
-0.23340815
0.40878677
-0.045444068
-0.18201473
-0.026893103
-0.06157867
0.21636477
0.20098373
0.004986262
-0.25070173
0.15707134
-0.103627935
-0.22934501
0.20204452
0.09246127
0.10522207
-0.046459075
-0.2618165
-0.005792139
-0.12185437
-0.015065335
-0.004464713
-0.042173002
0.0051043304
0.01779261
0.03741562
-0.16706526
0.06107134
0.068359844
0.0026969488
0.16168325
-0.085658886
0.08533071
-0.018417455
-0.0007951205
0.12158701
-0.07951597
-0.07031617
0.2675893
-0.11900589
-0.05274324
-0.035685807
0.02071283
0.21454194
0.07929075
0.26726326
-0.008043801
-0.007814796
0.097138025
0.05403593
0.0085493
-0.014589636
0.117538646
-0.017217806
0.09170282
0.14603432
-0.0060120695
-0.12828235
0.052076563
0.14864008
0.05190472
0.07496893
0.046243183
-0.0923133
-0.110108495
-0.15970542
0.057612076
0.08616044
-0.037115186
0.10473532
-0.19844256
-0.1514985
-0.28336346
-0.12172397
0.03741886
-0.026039712
0.119676046
0.13778725
0.014430255
-0.06780696
-0.21872176
0.035740864
-0.01731208
-0.051998563
-0.0077316235
0.22790688
0.014666463
-0.0013486102
-0.09904546
0.122965984
0.12847191
0.033820353
0.042078204
0.063260466
-0.06920634
-0.09002983
0.072238944
-0.06791693
0.041384198
-0.0070951073
0.017133463
0.005368602
-0.099715106
0.058015067
-0.015822403
-0.0531073
-0.17769669
0.11180731
-0.085476644
0.18393873
-0.049655207
0.06655745
0.0050124265
0.095496215
0.023201162
-0.021296823
0.0029201454
-0.108805224
0.035933718
0.059927247
0.28748026
-0.17020813
-0.0650824
0.109779924
-0.11518337
-0.10490645
-0.06762419
0.05509573
0.16137448
-0.05465552
-0.005261395
0.2104103
0.020102516
-0.057218857
0.10610213
0.07669199
0.17108363
0.2898696
0.17204162
0.086925566
-0.15124032
-0.13770212
-0.031183215
-0.032806363
-0.049009986
-0.2258665
-0.07182939
0.02941905
-0.053860586
0.34425503
0.04894544
-0.011456225
-0.16209677
0.14646912
-0.031365424
-0.09573852
-0.01249228
0.012520978
-0.12602462
0.08007674
-0.09761138
-0.04119906
-0.22882049
-0.06647134
-0.027755069
0.10984583
-0.011496449
0.030790899
-0.05101395
-0.065793246
0.051286135
0.11323669
-0.04692837
-0.25754836
-0.19378524
0.012841388
-0.08547768
-0.01821959
0.17506193
-0.085209355
0.15383019
0.12957509
0.010498043
-0.1370226
0.09018017
-0.04676727
0.037927475
0.08387717
0.051231552
-0.13011555
0.07248012
0.05719991
-0.005039024
-0.06253558
-0.104364164
0.03515592
-0.16555074
0.020303518
0.124499656
0.065966174
-0.15048373
-0.07315118
-0.29797426
-0.066910915
0.028019285
0.14498049
0.05762432
-0.0077968203
-0.13655496
-0.067623086
0.10413329
-0.17486331
0.10144671
0.004895577
0.09062363
0.084008776
0.15288296
-0.12704499
-0.029878782
0.121380955
0.08586998
0.07908121
0.089406036
0.08354771
-0.18421723
0.09330297
0.14706644
-0.058793433
0.17710477
0.16793662
0.041480917
-0.10030886
0.11072438
-0.006946594
0.20521857
-0.029915078
0.040326316
0.17848434
-0.10784502
-0.062494494
-0.04380541
-0.08088114
-0.14326182
-0.1809406
0.038630463
-0.025826983
-0.13966244
-0.1695657
0.1382526
-0.09599225
-0.15273592
0.007536253
-0.010124935
-0.12026011
0.24894148
0.02859044
-0.059636004
-0.008401767
0.038269337
-0.120398544
-0.19973613
0.05916812
-0.039631907
-0.1009545
0.12092944
-0.09527184
0.14664383
-0.07407252
0.028757365
-0.05646874
0.2552974
0.10564137
0.12351036
0.20923585
-0.07732414
-0.021371117
0.08488494
0.18772608
-0.12986729
-0.16418254
-0.029060973
-0.06059587
-0.109248206
-0.22685397
0.1645719
-0.14042991
-0.2068859
-0.10757647
-0.22307228
-0.09120395
0.1419677
0.025084237
-0.12992099
-0.12804557
0.018383589
0.049226575
-0.16582763
-0.1306483
-0.14223363
0.063178584
-0.12901242
-0.12948745
-0.03586329
-0.30107537
-0.1065064
-0.16033114
-0.1549871
0.24322793
0.077740274
0.15601936
0.1608215
-0.095577985
-0.075433016
0.20198643
0.14143302
0.17433544
0.09053427
-0.13058439
-0.23194574
0.15737274
0.059577238
0.027967704
0.0033147347
0.12118239
0.19178778
-0.06873465
0.08010662
0.0050167823
-0.18857905
0.20525959
0.015258264
0.0015233374
0.09175067
0.0130685195
0.09362431
-0.034853667
0.039735403
0.21022654
0.09442391
-0.14776826
-0.12349079
-0.12043022
0.05993192
-0.14458293
-0.06262074
0.011233666
0.12289143
-0.11780732
-0.11408436
0.118987076
-0.08412417
0.006691031
0.05496294
0.19349594
-0.05413628
0.036472782
-0.08453506
-0.089683026
0.016513411
-0.074663214
0.011474648
-0.062195733
-0.2867095
0.02781907
0.15395606
0.00247875
0.05486741
0.04585772
-0.07046477
-0.08305288
0.041634176
0.01370938
0.13463561
-0.16170178
0.13278182
0.05351116
-0.0576004
-0.06512572
0.061189733
0.036813013
-0.10968413
-0.03521636
-0.0073011005
0.15807994
-0.12982978
0.0795137
0.062181957
0.04495179
0.014591927
0.113720745
0.15669131
0.029171739
-0.06531392
0.097512856
0.22792487
0.008819707
0.22701122
-0.1072265
0.06552549
0.089184545
-0.087735884
0.06855847
0.0054690028
0.05545765
0.15038566
0.033721764
0.1198216
-0.09733603
0.34828714
0.28539792
-0.09362714
-0.017834747
-0.11644589
0.09815476
-0.14561865
-0.112608746
-0.10866614
-0.041874807
-0.08789601
0.058013864
-0.081311606
0.1737362
-0.102781
-0.16820627
-0.12924726
-0.065227486
0.12841211
0.12820116
0.042038362
0.022893831
0.12618198
0.09818494
0.06267537
-0.03557058
0.12416007
0.25423983
0.15648949
0.039802697
-0.1921449
0.10034358
0.13303454
-0.004913297
-0.09525735
-0.062717706
-0.2714437
0.16084583
-0.04221902
0.006426818
-0.03164086
-0.002820531
0.07365376
-0.04801757
-0.08568393
-0.020539932
-0.07878137
0.033949144
0.30795863
0.14244708
-0.2653447
0.2507207
-0.2539214
0.032038126
-0.018578054
-0.079756856
-0.13114314
0.12918578
0.042412307
0.010835012
0.119809225
0.068828665
0.054390356
-0.050982054
0.29664817
0.031900227
0.042035006
-0.27590007
0.045523204
0.04330552
-0.056226112
0.2222777
-0.28281596
-0.012130482
0.17002448
-0.11325436
-0.15874037
0.15575665
0.04791768
0.06963468
-0.2531278
0.006221444
-0.06854341
0.03744038
-0.009187643
0.115656465
-0.20121764
-0.11799089
-0.054161817
-0.09617217
0.27050284
-0.19511001
0.10105471
-0.08833983
-0.2071514
0.08348647
0.114518665
0.041613992
-0.27360678
0.038450085
0.31224182
0.0050635417
-0.21372981
0.022914128
-0.10320557
0.20820898
0.07265049
0.10351933
-0.07639519
0.14125289
0.047312967
-0.18091558
-0.11781362
-0.21681589
-0.09879391
0.06661127
-0.15119478
-0.16745485
-0.059711125
-0.11016475
-0.3554907
-0.1651484
-0.23234887
0.26408172
0.13019247
0.15943947
0.16472578
0.03258449
0.029041663
-0.01139652
-0.039207995
0.03467986
-0.20713805
0.18231122
0.04609998
-0.11014004
0.11134531
-0.07660351
-0.041665554
0.2584971
0.014512294
-0.15663806
0.21433914
0.18076837
-0.26863444
-0.115750864
0.1612532
-0.03004518
-0.19958788
-0.082042925
0.11558399
0.21413648
0.06492892
0.2678912
0.016932072
0.0023944424
0.01738072
-0.0711858
0.037879497
0.042791847
-0.038973514
-0.070410915
0.04844148
0.11260979
-0.1279603
0.08359461
0.0109606
0.05679788
0.12348815
0.06581089
0.04010956
-0.083969265
0.007412154
-0.10780852
0.14680333
-0.19940352
0.08613973
0.08973525
0.08978795
-0.21993472
0.00029583785
-0.14889364
-0.05121325
0.16762969
-0.0857072
0.07023912
0.033619344
0.1026688
0.24269073
-0.16649424
-0.026306259
0.07149144
0.11814732
-0.048866097
0.10872952
0.15444985
0.0511028
0.051669702
-0.0039620674
0.13969314
0.020146571
0.04803682
-0.30668136
-0.113390096
0.07961867
-0.033732634
-0.09559575
0.011096364
-0.11156833
-0.020252421
0.18439506
0.033410836
0.11122048
0.021555956
-0.10449066
-0.03122367
-0.08478115
-0.043049984
-0.051020414
0.10813436
0.06321526
-0.12744541
0.03300721
-0.0416476
-0.10968634
0.14933811
-0.004667512
-0.00070387044
-0.064099476
0.029265733
0.13806835
0.057231177
-0.14171347
-0.10958795
-0.07848551
-0.009341628
-0.0011991649
0.112548344
-0.20764415
0.0100017255
0.28348243
0.20850722
0.19064188
-0.1040418
0.1348509
-0.03670645
-0.01254724
0.23228717
-0.122548774
-0.08197891
-0.38590392
0.024638852
0.10331727
-0.13116136
0.20604667
-0.17140774
-0.063483015
0.03854912
0.09447319
0.07234317
0.067057915
0.008827192
0.07577439
-0.21538353
-0.103779376
0.018917205
-0.06473538
0.17361595
-0.013120851
0.048134506
0.11789915
-0.15299587
-0.15155648
0.05540153
-0.036593698
-0.036342114
0.10718499
-0.123155095
0.056756284
-0.13698256
0.09721378
0.11184332
-0.008827359
-0.07984695
0.092338346
0.07008858
-0.017632868
0.00933438
0.23993687
0.044404633
-0.028443258
-0.17114735
0.017813941
-0.108794294
-0.070671774
-0.0010424583
-0.104386404
-0.051333815
-0.011050166
-0.07164808
-0.10624524
-0.17703788
-0.1388202
-0.1827905
0.019599734
-0.40386444
0.05778757
0.20094538
0.15788701
0.062874444
0.005509793
-0.040916495
-0.07065528
0.10756244
0.025992557
-0.09328915
0.0049355743
-0.07045204
0.08080236
0.055059485
0.0988387
0.028946225
0.3004187
-0.17098026
0.04235213
0.007487556
0.07453595
0.04877083
0.08896755
0.0052403747
0.15975298
0.11309796
-0.015223595
0.022453053
0.056164723
0.22467864
0.2729975
0.0004964103
0.37375465
0.1562554
-0.05305599
0.12351896
0.07452245
0.11732052
-0.29603446
-0.0168545
0.10923283
-0.0018188984
0.0985412
-0.1977064
0.15416272
0.0681338
0.022019519
-0.026250588
0.04728928
0.14591517
0.041067474
0.03401798
0.13088816
-0.05478394
-0.059003595
0.10202338
-0.042203605
-0.12370552
0.17929815
0.04715544
0.04500119
-0.0012886296
0.01780666
0.054257553
0.05305773
-0.05728636
-0.07146962
0.1098409
0.030596972
0.24106197
-0.019004595
0.10602298
-0.025138818
-0.0859884
0.17527936
0.03915226
-0.13828722
0.29065797
-0.27566153
0.0041481326
0.16682772
-0.03073497
0.075849555
0.021683805
-0.011340484
-0.1761075
0.17181629
-0.0393564
-0.05579684
-0.06665379
0.11872255
0.11248076
-0.02233334
0.076892994
0.12413285
-0.112114176
0.17818514
-0.014954822
-0.19408306
-0.19766103
-0.045709692
-0.10750925
-0.179357
-0.04762104
0.036720835
0.07283113
0.07701111
-0.019992108
-0.12461244
-0.0348699
-0.013800854
-0.09534135
0.011722465
0.06341822
0.057806987
-0.09825947
0.021012818
0.10325769
-0.1640721
0.08929049
0.03940345
-0.1265459
-0.0057497513
0.03988493
0.005664604
0.030135062
0.06401526
0.22142357
-0.041201267
0.22240043
0.22103131
-0.124144256
0.082238995
0.042198807
-0.0030666708
-0.133991
-0.097171895
0.04703512
0.0348108
-0.1393659
0.08948614
-0.03585961
-0.2407417
-0.27484778
0.09607891
-0.00028954213
0.022515833
-0.0965321
-0.073440194
-0.19712593
-0.011039984
0.1346331
-0.029508267
-0.08573415
-0.0722152
-0.09448692
0.09100846
-0.011328666
0.09462767
0.054199602
-0.18190503
-0.07042126
0.038717147
-0.060841367
-0.034793623
-0.077117614
0.00619053
-0.16180761
0.06539012
-0.10274214
-0.28350282
0.054249793
-0.12090218
0.027585257
-0.15895241
0.0032667853
0.054421052
0.05246847
0.18042718
-0.07259028
0.05212971
-0.13964543
0.08644774
0.025845991
0.038606804
-0.058813393
0.07994982
0.027005825
0.007264208
-0.12970294
0.1968191
0.09916556
0.08165976
0.053771924
0.1544403
0.07214156
-0.04976726
-0.17256954
-0.12088741
0.04015566
0.09400637
-0.19605969
-0.10195806
-0.2033184
-0.1377082
0.15000473
-0.08212784
-0.16818067
-0.10431925
-0.14768346
-0.021416452
-0.057731222
0.067329034
-0.1189362
0.05547579
-0.11358236
-0.3235914
-0.15635423
-0.079190806
0.07462395
-0.049747217
-0.09922593
0.11266623
0.069084324
0.020241207
-0.026765084
0.02501532
0.1314439
-0.16653535
-0.006597081
0.01593708
-0.09998861
0.019949911
0.14086929
-0.0030076713
-0.06729929
-0.18830681
-0.0107602235
0.10699209
-0.16722803
-0.01143295
0.1754336
0.10286094
0.020090932
-0.06140807
0.10543377
0.1603046
-0.15051872
0.15619183
0.09839905
-0.15580158
-0.05493167
0.11299402
0.018929873
0.18675105
0.017751453
0.073390715
-0.026482677
-0.06857852
0.08954603
0.1456806
0.058920454
0.06095353
-0.1423364
0.26080394
0.27931064
-0.062641695
-0.076876596
0.0052252244
0.15867183
-0.089247234
-0.05057131
-0.15883534
0.061900802
-0.29079378
-0.034909632
-0.19160432
-0.17019147
-0.18129107
-0.20625879
-0.029662786
-0.12065385
-0.07937164
-0.017912129
0.19374491
-0.11601327
0.2241369
0.034599185
-0.048001107
0.004000118
-0.057319656
0.15725507
0.19101705
-0.09843562
-0.18082136
-0.08012628
-0.056499213
-0.13959602
-0.012020351
0.1602585
-0.010709806
0.058417123
-0.026682535
-0.013066309
0.12414281
-0.15212268
-0.14838053
0.050432727
0.023383334
0.17075787
0.24573387
0.17963423
-0.14812966
0.07387847
-0.1781129
-0.03417241
-0.05778926
0.011328439
0.09863636
0.11971672
0.055768654
-0.05857192
-0.04843699
0.07516449
0.12194576
-0.14462619
-0.11496704
-0.014001404
-0.02907226
0.12918624
-0.12897852
0.24333109
0.07582533
0.16313133
-0.17881204
0.010033277
-0.07743411
-0.0054448284
0.0039534825
0.09918753
-0.13493712
-0.062328555
0.083245166
-0.03865657
-0.17231973
-0.07713841
-0.04311695
-0.04421292
0.27155197
0.108223885
-0.053544495
-0.026166346
-0.007436063
0.1289414
0.102634184
0.33310062
-0.17012759
0.17952004
0.2343698
-0.058920365
-0.09363023
0.112113304
0.0554943
0.005366023
0.19329056
0.07498883
0.38252705
0.08817871
0.050766964
0.0181007
0.11556449
0.06279858
0.063173264
0.05942221
0.36674428
-0.03403933
-0.13310954
-0.02283173
-0.08016495
-0.28443053
-0.16526394
0.08793535
0.055555195
0.11032536
0.07346059
0.00012310414
0.025459932
0.0116250515
0.06597632
0.060037445
0.048773967
0.16354156
-0.021778334
-0.16221298
-0.25803027
0.12538724
0.07557189
0.0069334162
-0.07651524
-0.02782709
-0.104808144
0.03061439
-0.24181432
-0.08717027
0.08455747
0.006492608
-0.07547602
0.09486396
-0.031627297
0.16983515
0.2886357
0.04618796
0.12040432
0.021731578
-0.17015389
0.04769343
0.0004609375
-0.2651561
0.27585799
-0.16592729
-0.16962044
0.10805946
0.08111585
-0.02089804
-0.06713097
0.11165887
0.026590405
0.043853223
-0.028212287
-0.0036662281
0.15608059
0.08090709
0.20658933
0.091863945
0.0128126275
0.15472187
0.06243593
0.0050489265
-0.16514498
-0.079204045
0.16178483
0.108195744
0.05414454
-0.20730267
0.21311243
-0.046269353
0.088217445
-0.11405537
-0.12520097
-0.05986835
0.041497212
-0.124002635
0.07855867
0.09389573
0.033833906
0.017810736
-0.090012945
0.31672412
0.23183094
-0.0937777
-0.020738984
-0.065050416
-0.013418376
-0.23178568
0.027922554
-0.10449376
-0.0441293
0.06353115
0.045543414
-0.04674616
-0.070732705
0.11346844
-0.06317049
0.12249294
0.036888503
-0.072092734
0.0553166
-0.07667285
-0.027749358
-0.14103808
0.023414401
-0.05817771
0.07013583
-0.0005090185
-0.02049098
0.05535148
-0.12829281
0.033118002
0.20168762
0.03895996
-0.12090526
-0.22492474
-0.1575391
0.00842134
-0.010427028
0.005322434
0.181638
0.053030893
0.06885018
-0.027371861
0.0061609033
-0.09026555
-0.12338189
-0.06697139
-0.02947952
0.071595244
-0.04078571
-0.013030803
-0.02810646
-0.10227679
0.13508686
-0.018093545
0.14791656
-0.1367489
-0.02725944
0.043199573
-0.07988183
-0.08159069
-0.12040738
-0.09637247
0.05380419
0.010868923
0.020136544
0.10923516
0.11510087
0.2161751
-0.083617024
-0.15585408
0.23330267
-0.0040063006
0.056181252
0.06397103
0.03149718
0.049955085
-0.31862372
0.3115742
0.024459412
-0.04855995
0.032744423
0.09233995
0.036474362
0.11645582
0.030359935
-0.10655535
-0.012932097
0.05719532
0.12385782
0.20918038
0.067535914
0.034131683
0.047094844
0.14732343
0.0887157
-0.15205514
-0.05246038
-0.029789578
0.13125017
0.1674512
-0.12860593
-0.04301563
-0.0908637
-0.24339685
0.1045784
0.3489679
0.025291596
0.017465744
-0.10534771
-0.01711756
-0.04635465
0.13726448
-0.008434931
0.14598817
-0.11398952
0.0792861
-0.05523268
-0.21886677
0.078401156
-0.17897837
-0.09887393
0.053364806
-0.1702968
0.032113343
-0.11690808
-0.043518443
0.10176906
-0.038488403
-0.07690585
-0.08912281
0.059990276
0.06542867
-0.17849025
-0.009604929
-0.07370361
0.020440675
-0.14368075
-0.0035161027
0.14486517
-0.045742195
-0.04547773
0.15291996
0.05013168
-0.040846724
0.0037636475
0.12762752
0.009604778
-0.09600643
-0.0132171335
0.16420102
0.05681097
-0.063837975
-0.041093513
0.08030204
-0.15106295
-0.04169926
0.012380843
0.014276614
-0.07013842
0.0772377
-0.044020448
0.014930874
-0.11899013
0.061492328
0.076801755
-0.021457765
-0.10790395
-0.076105885
0.014866077
0.03299175
0.043457996
0.041312847
0.056153387
0.3424285
-0.06863398
0.09191776
0.103735976
0.2450414
-0.07281886
0.01120619
0.25142708
0.06793277
-0.028958086
0.067729905
0.03439316
0.24207647
-0.307813
0.16669269
-0.053477477
-0.12766576
-0.058181826
-0.007200938
-0.033645194
0.22036117
0.12847368
0.0925552
0.00575494
0.13491908
-0.13947432
0.07875163
-0.06445878
-0.12770496
-0.13827819
-0.071991466
0.18350504
0.25782326
-0.2571381
0.016266208
-0.15917048
-0.24639188
-0.24309216
0.052465994
0.047681842
-0.043654256
-0.03563609
-0.066104844
0.13032165
-0.084191605
0.26351893
0.137227
0.06523806
0.031157523
-0.05069316
0.054263644
0.15190424
-0.07368459
0.14280856
0.058405366
-0.11653441
0.08863967
0.07315858
-0.23642518
-0.048252616
0.05462095
0.0968374
0.015688632
-0.027169144
0.13285881
-0.07625544
-0.021120118
-0.09724306
-0.039116938
-0.026087092
-0.06989453
0.129073
0.011647511
0.043305367
0.10917015
-0.0506528
0.17390914
0.07627525
-0.029952765
-0.18242092
0.2104358
-0.0055570886
0.344849
-0.099751726
0.013251547
-0.07214107
0.05549329
0.09036001
-0.0036027506
-0.12364214
0.25675055
0.044567466
-0.036713462
0.07353815
-0.0068092337
0.11471487
0.053330045
-0.034765843
-0.32296386
0.062122867
-0.08207683
0.07970739
-0.14719813
-0.13196303
0.010636017
0.038204763
0.105841056
0.077118084
-0.02062259
0.24362755
0.045295753
0.26515457
-0.052317515
-0.18856838
-0.15902627
-0.040319953
-0.17648698
0.16493665
0.02678991
0.30047765
0.084479526
-0.12819125
-0.09823465
0.13765389
0.12054964
0.2702587
0.015581785
0.023962395
-0.1576408
0.20875223
-0.12918465
-0.09968746
0.081720196
-0.3099572
-0.030365659
0.17159088
0.21596242
-0.15631002
-0.081645235
-0.012127033
-0.020115674
-0.04220219
-0.06626577
-0.15889065
0.06590003
-0.28003767
-0.09435656
-0.0036941622
0.1445858
-0.16711727
0.14323302
-0.013682975
-0.2196965
-0.06556202
-0.009428062
0.036413003
0.0782277
0.17069484
-0.020083383
-0.02245893
-0.13004255
-0.16769111
-0.03996478
-0.037236873
-0.034386918
-0.0339412
0.107512236
-0.099563845
-0.04788078
0.40598902
0.051078193
-0.10845194
-0.055774808
-0.14958972
-0.071253955
-0.1292136
-0.07556178
0.030831566
-0.06767616
-0.00936025
0.07168653
-0.09252676
0.12942967
0.14901304
0.00645011
0.12975192
-0.2092454
-0.17854507
0.14008905
0.11259905
0.036440585
-0.043151457
-0.17004529
-0.043931298
0.053043682
-0.08003694
0.050136857
0.06078555
-0.19559912
-0.17896782
-0.07887374
-0.042772345
0.19013943
0.11468295
-0.01013798
-0.11967781
0.14612085
-0.11918147
0.12766235
0.16272765
-0.14083914
-0.0650404
-0.10979852
-0.23070537
0.08673315
-0.14165884
-0.055391423
-0.27982476
0.022955718
-0.091551736
-0.20107868
0.018542597
-0.2167672
-0.026070815
0.26282093
-0.11289484
-0.09266535
0.09070275
0.12906785
0.21681349
0.12245579
-0.029885558
-0.024913276
-0.1628151
0.026822856
0.06066841
0.05597978
-0.14925382
-0.082014635
-0.0378014
0.042244844
0.13064054
0.23176673
-0.09427853
-0.09433466
-0.073426194
0.17580256
0.057417072
0.17682038
0.2339328
0.06511559
0.13885441
-0.13445689
-0.012816519
0.06777527
0.1616073
-0.033875775
-0.07109517
0.22075474
0.20241968
0.12006424
-0.033694748
0.21887486
-0.11048406
-0.04018102
-0.08844067
-0.3062693
-0.09891523
0.019154822
0.036013536
-0.13129646
0.11289346
0.32306266
-0.15311576
-0.30265993
0.20542133
0.029669115
0.14456978
-0.019794174
0.030391928
0.07576759
-0.14079009
-0.0010937565
-0.02952704
-0.035706103
-0.0076491064
0.2612343
-0.15146126
0.023805358
-0.12706365
-0.15966707
0.16549997
0.03477212
0.18811734
-0.18063778
0.07666087
0.15084781
-0.11207313
0.13675396
-0.10105738
0.023671132
-0.209627
-0.019337632
0.14379638
0.046065867
0.052091848
0.20753385
-0.014171438
0.04502402
-0.07925714
0.12113514
0.13102028
0.041427046
-0.01442095
0.13058786
-0.07485033
-0.18981704
-0.0034614122
-0.14667849
0.2576125
0.1607705
-0.13221999
-0.026473656
0.26876625
-0.008687516
0.15936482
0.13587105
0.21675129
-0.12949547
0.115419544
0.02828625
-0.06325921
0.068350576
0.019167421
-0.11343789
0.16675016
-0.04403893
0.037618805
-0.11476161
-0.02982119
0.15273495
0.053375
0.029128814
0.06225643
-0.041822787
0.08332833
0.24323486
0.06493967
-0.27354962
0.0168498
0.051551685
0.1468551
0.048196495
-0.196631
-0.044654
0.14135855
0.004826902
-0.0876028
0.2761463
0.10205703
0.09952
0.02594575
0.04657033
0.12096733
-0.06942641
0.26874164
0.1045104
0.10616165
0.18170127
-0.01761091
-0.1754587
0.039729
0.15984483
0.05309192
0.07530409
-0.035098165
0.03686949
0.14420144
0.03731285
0.096192904
0.046099756
-0.012577635
-0.10655999
-0.15691337
-0.11569432
0.16663326
-0.033212125
0.003053813
0.14491451
-0.1766994
0.11147988
-0.10118385
0.004264784
0.091270186
-0.07884455
0.031048398
-0.15850936
0.032461435
-0.08460144
-0.107173726
-0.058974944
0.011301954
0.13228373
-0.23271534
0.17366934
-0.029346533
0.026387269
-0.1579628
-0.013623126
0.00084988115
0.22572578
-0.038811065
-0.01151955
-0.2629123
-0.17162025
-0.12662153
-0.09759999
0.030799828
-0.19092213
-0.018034164
-0.07986788
-0.011282578
-0.08865937
-0.09876838
-0.0884179
0.051523816
0.18020228
-0.015426325
0.102883905
-0.29013318
0.028272294
0.11387477
0.003403633
-0.006890672
0.003038066
-0.07528544
-0.19815893
0.12257047
0.038670726
-0.23096684
-0.142743
0.013477127
0.16591264
0.07209268
0.023803644
-0.19817823
-0.0036867396
-0.06735877
0.18819019
0.0055724857
0.046597876
-0.088969365
-0.43167952
0.0720493
0.1030058
-0.014273601
0.04019642
-0.020296767
-0.13500728
0.022243563
0.08807419
0.0015140799
-0.18278758
0.020451795
0.093602255
-0.1946042
0.08842665
-0.0638234
0.25472397
-0.027591646
-0.34621254
0.052920055
-0.3167414
0.019115299
-0.1317794
0.042157292
-0.082553156
0.14297025
-0.1531974
-0.07793644
-0.03632889
-0.1394625
0.15846702
0.1015502
-0.051506616
-0.16669467
-0.12053846
0.20032057
0.13166867
-0.10714573
0.0007179258
-0.05699526
-0.1374614
0.21915267
-0.19947793
0.15621446
-0.083086446
0.124431826
0.18883465
0.20331298
0.25273368
0.032932196
-0.14585906
0.37360653
-0.16348076
-0.021389123
-0.16721566
0.090137616
0.013381372
0.0075054388
-0.120868966
0.28361866
-0.1118934
-0.12120391
0.2278264
0.014169094
-0.16330558
-0.047568448
0.109058596
0.10651234
-0.20950772
-0.03547376
0.090208985
-0.0096438555
0.087372534
-0.0024241374
0.0310599
0.17138182
-0.04043264
0.13649596
0.042478085
-0.06363321
-0.049398225
0.17817147
0.10793193
0.10923933
0.04906913
-0.070307575
0.07820433
0.057075124
-0.05192435
0.309704
0.05313429
0.030431759
-0.08817734
-0.04539575
0.1405129
0.0030601989
0.032559168
-0.0053431843
-0.15952323
0.1492969
-0.011072768
0.073393844
0.049155395
-0.050122216
0.11385116
-0.19555266
0.21220788
0.0432605
0.07735619
-0.26700246
0.05884491
-0.12684773
0.08076425
0.11465045
-0.028150825
-0.24379568
0.007528543
0.11584914
-0.13296251
-0.08181816
0.10242212
0.008622541
0.06835275
0.03779073
0.02461092
-0.07024517
-0.09236298
-0.018146085
0.038722612
-0.103177264
0.0976993
0.2240167
-0.052012082
-0.042634413
0.14474767
0.11725806
-0.091748305
-0.0028807758
-0.15826036
0.10998027
-0.20152311
-0.13530384
-0.015348969
0.012894372
-0.1271374
0.22405249
-0.11144369
0.108437285
0.23269764
-0.04727821
0.008099979
-0.1000322
-0.030742293
0.044811577
-0.22939122
0.17274877
-0.12394164
0.10984975
0.08928962
-0.100957766
0.050039742
0.11751239
0.24203227
-0.09185805
-0.19726191
0.11943162
-0.14347653
-0.078125276
0.07498124
-0.18661092
0.24806412
-0.16612817
-0.10990543
0.12528706
-0.11400702
-0.05737966
0.002629937
-0.1695426
0.090472475
-0.09538875
-0.08174948
0.11036097
-0.1877669
0.13575156
-0.13076411
0.091811635
0.10365567
-0.29181144
-0.13791338
0.22254393
-0.16080528
0.028780632
0.17522936
-0.00586547
-0.2096591
0.099715896
-0.022154065
0.028166734
0.32879534
0.14222883
0.1511161
-0.076984815
-0.20598722
0.10663244
-0.09492599
-0.045432072
-0.20568116
0.094658285
0.074119024
0.05888897
-0.12012738
-0.03744099
0.005589148
0.16558275
0.09020444
-0.4171923
-0.0126704
-0.03577763
0.06690098
0.17518353
0.011182299
-0.04377235
-0.22102116
0.00494457
0.24507423
0.17703567
0.15987942
0.21793088
-0.02886568
-0.10258664
-0.13851832
-0.07959537
-0.07761316
0.0602456
-0.049784828
0.110731766
-0.22779056
-0.123355545
-0.067257956
0.10919946
-0.13233571
-0.16964948
0.0054757386
0.03652064
-0.007619496
0.08696265
-0.12060842
0.0010088113
-0.077715464
-0.12047043
0.20209442
0.1587682
0.032016013
-0.08089949
-0.11930865
0.09864272
-0.107591994
0.06472084
-0.040681545
-0.00930776
0.13452356
-0.04125386
0.007840873
0.060130216
-0.22216469
-0.014674371
-0.25124383
0.12943323
-0.1259525
0.03923756
0.10197853
0.119524635
0.04248405
0.050977122
0.12550016
0.16295263
-0.09606682
-0.08732239
0.16951837
-0.01774079
-0.0063799075
0.040515684
-0.09834139
0.12499608
0.017169196
0.190007
0.25066304
0.01639261
-0.028221902
0.009317321
-0.059794784
0.0359626
0.016508713
-0.048112452
0.08271293
0.039900377
0.124793015
0.02748071
0.050869066
0.2091773
0.24385785
0.041659664
0.009399716
0.20008557
-0.09744426
0.01285163
0.17943692
-0.14562856
-0.058205493
-0.10226491
0.11114273
0.24812262
-0.2911586
-0.20851173
-0.046339676
-0.0951403
0.0828553
0.014940374
-0.1205869
-0.27431044
0.050952654
-0.14846157
-0.08648691
0.09683319
0.2562511
0.11629849
0.08583192
0.16549988
0.07612971
-0.02114885
0.084409334
-0.14152113
-0.10615339
-0.04761824
0.049982086
0.06409232
0.052291084
0.024015438
0.07405379
0.067157105
-0.13451284
0.040812124
-0.14316323
-0.086187944
-0.059581913
-0.06775328
0.068231046
0.13817325
0.14617893
0.12192139
0.25171635
-0.014857409
0.11471408
0.014112853
0.28246108
0.28675503
0.12408389
0.092233665
0.21418115
0.29074997
-0.20129102
-0.047357693
-0.30303735
0.102203876
0.21130313
-0.07416298
-0.036744017
-0.19612716
0.04679463
0.06040891
0.1674693
0.008757007
0.049768087
0.043666855
0.23071207
-0.15267108
-0.19585723
-0.052857567
0.03160193
-0.02159899
0.31709766
-0.15903106
0.10233392
0.11557076
-0.1777005
0.13018139
0.08925406
0.008186483
-0.054725565
0.032326132
-0.15064661
0.061682794
0.035822906
0.06756306
-0.100827485
0.1897702
0.12729675
0.20154594
0.22898716
0.12982887
-0.0127394395
0.13326085
-0.08021112
-0.018347729
0.12946801
-0.13755038
-0.16503501
-0.1146869
-0.14579
0.024404772
0.10357559
-0.065847404
-0.027287954
0.04593236
-0.11995224
-0.016868921
-0.16099012
-0.02144359
-0.16846819
0.23700996
-0.056123417
0.033223715
0.056978174
-0.017526666
0.03443672
0.15438402
0.020450367
-0.19166733
0.1140531
0.033425413
-0.32810053
0.15370966
0.11319645
0.03411184
-0.26400974
0.062700294
-0.089967266
-0.094619244
0.23266482
-0.16488932
0.22181524
0.040818516
0.026450457
0.0015140123
-0.028195512
-0.013952973
-0.0001889046
0.017893273
-0.1365964
0.05434849
0.089714795
0.2516275
0.035382073
0.046847504
-0.041404676
-0.17647974
0.074512035
-0.09549102
-0.12497655
-0.049350522
0.05928856
-0.013274512
0.053748235
-0.06463021
0.12991966
0.10129521
0.21411508
0.015053927
-0.019056568
0.044356756
-0.31757343
0.205555
0.18218662
-0.0460784
0.080234826
-0.050950944
0.030393919
0.16677143
0.03147499
0.115432985
-0.024727225
0.18981436
0.2269226
0.04352962
0.10923379
0.06612053
0.24309537
-0.11089999
-0.10512532
0.055777527
0.037836973
-0.012533848
0.12697555
-0.12466266
-0.11821204
-0.16227539
-0.18494998
0.08821576
-0.07906283
0.2979262
0.01287803
0.03194274
-0.04431512
0.057809908
-0.0318453
0.04062693
0.12384562
0.009775308
0.10087879
0.07272011
-0.10938644
-0.067625135
-0.086482815
0.06287479
0.029001905
0.05948531
-0.055192035
0.1222979
0.0471923
-0.34412378
0.063069165
-0.04843794
-0.12781677
-0.04261024
0.0037761556
-0.047271986
-0.15625739
-0.039819326
0.08271998
-0.16147946
0.11815052
-0.02204449
0.066668294
0.119345255
0.06262037
-0.20488179
-0.07525677
0.15330261
0.03339066
0.18179089
-0.18199918
0.06780074
0.006697855
-0.057475217
-0.082653515
-0.05412805
0.022543527
-0.0037460553
0.028339148
-0.15019704
-0.027566416
-0.26860154
0.20543985
0.007886894
0.00070712145
0.06735982
-0.0726752
0.092743315
0.051675364
0.1661957
-0.05552676
-0.032215063
-0.10185554
0.12876257
0.08811428
0.10190724
0.0031246305
-0.05425984
0.29258233
-0.04227355
-0.16508551
0.09781209
0.16091517
-0.123859674
0.017143358
-0.060524482
-0.3446526
0.1408369
0.24235353
0.07288758
0.13554287
-0.0108779855
0.2008033
-0.25374952
0.026428778
-0.010997214
0.1223218
-0.20204096
-0.026150854
-0.0070250137
0.037731078
-0.14920944
-0.110557154
-0.28569695
0.06457121
-0.29631895
0.06775098
-0.169707
0.03078346
-0.061970085
0.065041706
0.008803575
0.30782408
0.09918868
0.01517451
-0.1363828
0.114786446
-0.18125322
0.032747123
0.108918846
0.049732994
-0.014543362
-0.043821245
-0.02681517
0.10565601
0.042910967
0.3155587
0.0011054603
0.029920135
-0.011772245
-0.06752571
-0.009249959
-0.09930764
-0.16420133
-0.25787497
-0.08562411
0.11324388
-0.00079175824
-0.122277364
-0.14422628
0.27383977
-0.2877646
-0.060061783
-0.12470251
-0.017918913
-0.027771585
-0.12435899
-0.014111521
-0.06975531
0.092330955
-0.006380685
-0.081322506
0.051725704
0.114927985
-0.22446895
-0.034906656
-0.08956214
0.02406843
0.18515739
0.134796
0.052411422
0.0007299022
0.06126877
-0.102447614
-0.011686827
0.0634728
0.06865719
-0.35223868
-0.014877099
0.22689267
0.29273146
0.0570507
-0.0007095892
0.009088897
-0.015532332
-0.0457161
-0.045542542
-0.1875656
0.11644586
0.032878052
-0.10950493
-0.008537451
-0.12598489
0.04938014
-0.24153627
0.06622162
0.038870055
0.1034363
-0.13264503
0.05747275
0.20194463
0.14571221
-0.09108915
-0.054916896
0.19960733
-0.0770955
-0.024852049
-0.08141196
-0.006546252
0.022749605
-0.0079613095
-0.1574142
-0.050909583
0.12372729
0.017950274
-0.1286904
-0.09479413
-0.30713707
0.056625802
-0.2831874
0.0010750679
-0.05104907
0.002164615
0.04277891
0.32375652
-0.112264924
-0.07635997
-0.011795668
-0.033173747
-0.04011049
0.18124326
0.17689484
-0.013991273
-0.05982517
-0.20285214
0.047674727
0.0049545807
-0.14748606
0.012872367
0.024280421
0.096355505
-0.0282354
0.17922315
0.0062311767
0.033164434
-0.07174449
0.09150816
-0.015367844
0.022597993
-0.030355247
-0.23514415
-0.13178778
-0.05574021
-0.06593169
-0.11646416
0.07473756
-0.049354896
-0.06373401
0.053667817
0.01557265
0.0007275702
0.05527126
0.022748439
0.11437439
0.10972387
0.09933164
-0.09133988
-0.03636431
-0.066885635
-0.10685036
-0.06923341
0.1418363
-0.12095666
0.04474354
0.0058917766
-0.0758634
-0.25395775
-0.20272543
0.18826841
0.06972307
0.17467569
-0.14179927
-0.02231096
0.07368544
0.05637888
-0.024769273
0.08602048
0.03772198
-0.029162416
-0.056323882
0.14147037
-0.24098401
0.08309279
0.018860219
0.1394521
0.24143085
-0.077342525
0.1729689
-0.05925634
-0.070684165
0.32074448
-0.036964122
-0.029488968
0.121389784
0.00460459
-0.038596436
-0.022933582
-0.055113968
-0.061921515
-0.14557146
-0.1886231
0.09864546
-0.057999257
-0.120075464
0.09958059
-0.03982472
-0.09829216
0.06042067
-0.027657742
-0.06387608
0.013769123
0.022388432
0.15640402
-0.26282436
0.13644701
-0.01933625
0.096154526
0.14176323
0.12999274
0.18971877
-0.0051259575
0.03149732
0.015365004
-0.059328992
0.060289316
0.118748166
0.05158477
0.13346586
-0.25599545
0.08444729
0.05383424
-0.10303207
-0.30126616
-0.071829595
0.11792551
-0.11057142
-0.0027097908
-0.13494074
0.14340651
-0.10661418
0.010995134
0.07576294
-0.031647444
0.001698804
-0.27878097
0.090204716
0.09867451
-0.16325521
0.031654958
-0.2076478
0.03652961
0.016653948
0.22076972
-0.112850234
-0.07892583
0.12167631
-0.058084633
-0.14619651
0.089977235
-0.047426518
0.19708583
0.2879936
-0.040245593
0.02724307
-0.02388099
0.023644343
-0.14764206
-0.23354512
-0.094315864
-0.116479956
-0.027654212
0.0057346923
-0.041144017
0.25659263
-0.08005988
-0.17152938
0.13675281
-0.019994056
0.11565578
-0.20173626
-0.23774266
-0.08970316
-0.029924344
0.15738171
0.070237525
-0.067994274
0.065377556
-0.38074023
-0.1744916
0.07178017
0.004535591
0.051029652
0.12634012
-0.07204533
0.20979841
0.027406631
-0.10761737
-0.08559627
-0.05444657
-0.32079872
-0.19427942
-0.17623807
-0.1513229
-0.108349554
0.060342506
0.057478596
-0.13125047
-0.040928148
0.12735012
0.19473317
0.002930227
0.19357537
-0.27546564
-0.11801875
-0.0036219985
0.014079655
0.014432631
-0.038976673
-0.13196443
-0.015103118
0.064377
0.0570822
0.1988213
0.09728626
0.08381884
-0.0017534096
0.27942914
0.15254793
-0.117455505
-0.090869404
0.16398057
0.14941771
-0.19938123
0.28884888
0.00940025
-0.094900735
-0.04267843
-0.06213804
0.12199395
-0.19839354
-0.015422697
-0.102676384
0.058360316
0.07706136
-0.20724005
0.121489085
0.0641444
0.15081562
-0.12943418
0.1507199
-0.008785275
0.108904384
0.042358536
-0.03319754
0.16551542
0.2862042
-0.011624852
-0.07996373
-0.05771777
0.033727493
-0.17728779
0.103039026
-0.043449223
0.043486536
-0.004930658
-0.15931292
-0.027269976
0.06861614
-0.024445003
-0.076665714
-0.04610385
0.12807861
0.059169922
0.061636064
-0.055156145
0.121053584
-0.0592415
-0.024243223
0.034314055
-0.119679086
0.11567367
0.0482739
0.081991345
-0.18948878
-0.05804341
0.104361236
-0.047716502
0.07956262
-0.14044589
-0.0762492
-0.006361039
-0.023684984
-0.017127533
-0.07916962
-0.030061428
-0.15156513
-0.003924663
-0.021979397
-0.073668465
-0.12957536
-0.121041685
-0.11308638
0.059555735
-0.07898875
-0.114177175
-0.024026299
-0.17359754
0.13325442
-0.1274252
0.08285974
-0.08016731
0.07806663
0.027523963
0.09496637
0.06436467
0.074659124
-0.183208
0.0960382
-0.21334668
0.050044738
0.12385319
-0.05286201
0.086330846
0.029723195
-0.14231792
-0.117621444
0.20105033
-0.10862288
-0.004507021
0.032551464
-0.05815035
-0.19722615
-0.08092688
-0.049345978
0.09549739
0.050733086
0.06605741
0.02477086
0.07171891
-0.07461471
-0.34549898
0.12990417
0.08969421
0.012455384
-0.000103309445
0.033031806
0.041619956
-0.009043471
-0.006123976
-0.2303185
-0.24461234
-0.04269269
-0.06174322
-0.05210215
0.045530003
-0.08273677
0.08677844
0.08646849
-0.090784475
-0.123809814
0.24947543
-0.21203467
0.052085783
0.15056986
0.030779537
-0.13449237
-0.028730476
0.13571028
0.07268769
-0.08392544
-0.03751151
0.059135918
0.14638577
-0.027424658
-0.14045988
0.018700156
0.013253495
0.09862779
-0.05554631
-0.012561108
0.028505193
-0.048472654
-0.20867772
-0.11819538
0.17216277
-0.0120554175
0.21066548
-0.10982807
-0.0986416
-0.06615164
-0.19315423
0.17625342
-0.08290288
0.20574328
-0.025335213
-0.105607
0.12527105
0.10712442
-0.15774582
-0.11648463
0.04207655
0.07155376
0.1182685
-0.080498084
0.05633228
0.077681094
-0.22626701
0.098577246
0.2591817
-0.14931273
0.13902235
0.06609283
0.03504675
-0.1210894
0.10211375
0.030226259
-0.13955228
-0.08534289
-0.050435986
-0.15545937
-0.01430447
-0.0974033
0.23519534
0.02282379
0.1908933
-0.052920636
-0.07967038
-0.0042200466
-0.13354295
0.037979934
-0.12407672
0.11234682
-0.026918627
0.12584387
-0.06618522
0.30641487
0.027719973
0.08928241
-0.0028334989
-0.090949714
0.031102033
-0.14184307
0.10033381
0.0041871173
-0.033283338
0.077642225
0.2743768
-0.04242003
0.09757081
-0.106217414
0.21099281
0.017374447
0.08144721
-0.249413
-0.2945206
0.20938964
-0.0057906853
-0.16756392
0.082659915
0.13882503
0.06292255
0.035221014
-0.08810977
-0.101371214
0.038989536
0.07843967
0.100069426
-0.18806036
-0.13888745
0.20618507
0.0026586603
0.066663854
0.26065788
-0.006070893
0.06390793
0.08663249
-0.106795
0.053615734
-0.075610384
0.09304198
-0.07827628
-0.048927713
-0.16155335
0.040497277
0.014184404
-0.07105782
0.12823366
0.10165391
-0.026717113
0.094790615
-0.08258788
-0.08325474
0.02591111
0.29565057
0.16894118
-0.120978236
-0.17335972
-0.234378
-0.10260771
0.0063711856
0.17829722
-0.15621072
-0.0213121
-0.0499126
-0.023107896
-0.06811717
-0.120953575
0.21264674
0.014456154
-0.036168255
0.20233154
-0.010581175
-0.023453308
-0.09554293
-0.03942563
0.053775873
-0.027532784
0.021889916
0.01768378
0.08662658
0.06197988
0.02241432
-0.1302649
-0.025843859
0.07477299
0.111370824
0.12774293
-0.19461742
0.18847138
-0.1896037
0.0056023737
0.21124563
0.0089846235
-0.09414131
0.079702325
0.047965873
0.09306169
-0.07731683
-0.1369385
0.27596402
0.01821509
-0.045566287
0.22272286
0.06906807
-0.08686134
0.06759585
0.041248515
-0.066440575
0.17391852
-0.065584116
-0.072066434
-0.044930164
-0.17179364
-0.23699598
-0.12254577
-0.12012947
0.016169656
-0.04006701
-0.022508053
-0.2069087
0.15912896
-0.011790303
-0.21638031
0.15342872
-0.06650148
-0.13650233
0.028540889
-0.20929301
0.11459824
0.16292694
0.09078582
0.03192517
-0.13029325
-0.05067588
0.16950408
0.013125005
-0.056477707
-0.04163573
-0.3410685
0.028287956
0.0058661597
0.017719563
0.0180692
-0.17555661
0.1678024
-0.06515682
0.122174904
0.011872228
0.034129243
0.1090829
-0.16963692
0.10761673
-0.11430295
-0.010423434
-0.0018175147
0.1354624
-0.12952521
-0.015578084
-0.08172089
0.1287279
0.23424797
-0.02226493
0.020115525
-0.016895834
0.13610478
-0.06099489
-0.17944326
0.037840303
-0.04728376
0.046571046
0.054562792
0.14832978
-0.014358563
-0.074006386
-0.2523783
0.028430292
0.21290955
-0.08088877
-0.13159838
0.01484364
-0.07654557
0.04941769
0.115718395
0.017238095
-0.019998431
-0.010808055
-0.13181524
-0.23746315
0.0022290435
-0.03767078
-0.1675025
-0.19036326
-0.05775148
0.11769026
0.06617187
-0.03530092
0.20524605
-0.16444087
-0.18196236
0.03535152
-0.010421047
-0.26026005
0.15151753
0.042472597
-0.094029516
0.11867935
-0.074169464
0.06136271
-0.0068508782
0.013212116
-0.1753673
-0.08056853
0.020566713
0.1565392
0.14502774
-0.03956546
-0.00524775
-0.050523654
-0.021783415
-0.086423986
-0.07911242
0.043483425
-0.13683054
0.0025685413
0.04905413
0.024423597
-0.20469104
0.020029683
0.081493355
0.062161013
0.025086857
-0.118478045
-0.0018523256
0.016552467
-0.04439599
0.008290468
0.0634656
-0.09771239
0.0059173983
0.07839696
0.09101377
-0.093419164
0.025257265
-0.1085326
-0.0707075
0.048334092
-0.13774091
-0.032963548
-0.038193025
-0.06266187
0.18673994
-0.098912634
0.3853207
0.12829642
0.061090346
0.06947743
-0.0025119074
-0.20092832
-0.01854638
-0.018756982
0.07124785
-0.055078637
0.010416212
0.20117097
0.11712457
0.06066851
0.08446775
0.08190973
-0.009690024
0.005025149
0.11930148
-0.02263122
0.16161728
0.16669098
-0.10389846
-0.029978387
0.10940628
-0.1576873
0.14372443
0.037803963
-0.051530305
0.13367489
0.30075693
0.043409124
0.012362267
0.10843596
-0.087702185
0.06020895
-0.13459598
0.14221303
-0.090485886
-0.109396175
0.117894076
-0.024199212
-0.007289414
-0.17507017
-0.18503077
0.0029275178
0.030624777
0.00051957543
-0.09914756
0.04674943
0.064607605
-0.05175144
-0.019280722
0.14813976
0.17615256
0.15261835
-0.29311264
-0.2212997
0.10895105
-0.07571691
0.019230371
-0.041135695
-0.045192193
0.20647646
0.113950014
0.2672289
-0.20301452
0.2121244
0.24190521
-0.07374109
0.059698466
-0.03890542
-0.029818535
-0.005011515
0.007962147
-0.11382222
-0.17742608
0.193329
-0.07348002
0.14394936
-0.006074295
-0.15636459
-0.0025610628
-0.11263721
0.090258226
0.26458344
0.059051655
-0.051990345
0.08618654
-0.14225326
0.119150214
0.040173985
0.09371827
-0.08884874
0.13664575
-0.001778182
0.074427366
-0.034390982
-0.02030531
0.10221897
-0.11933688
0.14527325
0.0030057027
-0.2555947
0.06582489
0.24342974
-0.10362035
0.057782862
-0.04967604
0.12750961
0.044092942
0.06606713
0.14991456
0.075426504
-0.30392224
0.019920697
0.075334094
-0.011784867
-0.014372394
0.16631381
-0.06246444
-0.24512643
0.14867972
0.009797969
-0.033277676
-0.033127554
-0.04252318
-0.09340793
0.1319651
0.027560214
-0.094765335
-0.19208741
0.04052784
0.18374234
0.25904578
0.008039834
-0.05664868
0.22650577
0.07362039
0.021240711
0.16488858
-0.091565065
0.25463393
0.25611004
-0.090097725
0.010800214
0.055011977
0.111721635
-0.26027727
-0.1082912
0.09808325
-0.15870832
0.18871816
-0.027362803
-0.21933676
0.16942286
-0.032205008
-0.074639514
0.009341269
0.13070494
0.16067593
0.031005962
0.07703017
-0.18270957
0.107773185
0.16061203
0.022638261
-0.0058571864
0.021929046
0.032455925
0.103525355
0.015527887
0.16590929
0.19866739
-0.10323822
0.083609685
-0.21599577
-0.15667218
-0.035631243
0.0059543867
-0.2366431
-0.13857758
0.14769645
-0.10948216
0.040845264
-0.07668183
0.30684167
0.14454266
-0.072336555
-0.120480135
-0.16415511
-0.004913304
-0.042007495
-0.0862281
0.14378415
0.047727052
0.24372399
0.1088931
0.19333817
-0.0819105
0.045282
-0.03488315
0.041098118
0.048732154
0.03229236
-0.03818839
-0.19725086
-0.055293042
0.19486232
0.24690805
-0.24984764
-0.1460449
0.0897605
0.09435098
0.016221996
0.09662748
0.24644968
0.17272593
0.041379705
-0.063111655
0.12298214
-0.0059363176
-0.023270331
-0.14566351
-0.11692796
-0.14282855
-0.002540688
-0.007813459
0.015167401
0.045386553
-0.0061473055
0.021551995
0.12080447
-0.04417086
0.07544151
-0.075720176
0.18052433
-0.0049340823
0.088752374
-0.14588171
0.087037414
-0.10511857
-0.047528923
0.09996294
-0.010675129
0.10356963
-0.15165053
-0.047910996
0.02065211
0.068041824
0.15593353
0.0653113
-0.004723692
0.08769834
0.034213327
0.0898548
-0.02624753
0.030642338
-0.17546293
0.043232996
0.14712805
0.15426749
0.115256086
0.116769426
0.19376293
-0.082496
-0.081720114
0.031909317
-0.07895101
-0.054956585
0.19150154
0.028802162
0.31222466
-0.13022391
0.023291193
0.002554528
-0.2606698
-0.033023357
-0.017929498
0.036295462
0.02281026
-0.13177468
-0.14685847
-0.1832603
0.07560308
0.106515676
-0.12258115
0.05810814
-0.008003868
0.044203572
0.0914023
0.19069883
-0.17200656
0.11087955
0.2168328
0.025323238
-0.14024377
0.1398756
0.102079116
0.057378836
0.0968971
-0.01795609
-0.05544742
-0.080671914
-0.19785663
-0.05968659
-0.19264239
0.03670797
0.09936234
0.09095738
0.26612017
-0.025799202
-0.11667319
0.16510142
-0.03860899
0.026566247
-0.18466467
0.071184054
0.27688295
-0.047859658
-0.1715167
0.020923655
0.075785615
-0.1177038
0.043442514
-0.021186266
0.114586696
0.19785759
-0.08373819
0.15368952
0.0023785033
0.13689287
0.21156266
-0.1403266
-0.08072961
-0.034810644
0.10884547
-0.074430406
-0.08419846
-0.05802568
-0.20168538
0.106182314
0.19916396
0.13163078
-0.25671744
0.048117373
0.116455294
-0.1145476
0.20156404
-0.13537121
0.16254605
0.0056038266
0.12611543
-0.052760944
-0.19941388
-0.07245707
0.069470614
0.24471332
0.13041978
0.15790574
0.04983795
0.042382803
0.062157985
-0.040346757
-0.013735343
0.03436978
-0.16599284
-0.106959455
-0.023552354
-0.011114245
-0.05809628
0.023596281
0.07525228
0.03334157
-0.1892215
0.053441186
0.066176265
-0.0515172
0.047403082
0.033304173
0.013110673
0.055633575
0.00043921339
-0.1723313
-0.16823497
-0.22063264
-0.10339686
0.1175732
-0.0039761406
0.2112705
-0.08742917
-0.1142588
-0.08689426
-0.008767119
-0.2152195
0.02042946
0.060722936
-0.032918647
-0.109337576
0.0043177116
-0.06809858
0.044969358
0.13249731
0.022707716
0.032728393
-0.029574692
0.07141373
0.2284805
0.31205255
0.2892254
0.0005673721
-0.07466491
0.16200086
-0.10077907
0.1457421
-0.07405103
0.0056524854
-0.17356665
-0.02543271
0.029001566
-0.30416146
0.080177784
0.14068145
-0.077363536
-0.14462212
-0.2617826
0.12970859
0.0016434181
-0.004881252
-0.02043625
0.09817216
0.07159188
-0.2898682
0.09210385
-0.18636164
0.17500693
0.19341761
0.09572943
-0.09885201
-0.06928601
-0.15124434
-0.054968122
0.017540503
0.07045948
0.14987853
-0.019200398
-0.0036229235
-0.09198028
-0.21086337
0.0009465976
0.09536928
-0.05267057
-0.28698772
-0.07057678
-0.040903676
0.12764962
0.036447108
0.07966821
-0.119918026
-0.10999932
0.13372214
-0.055034246
0.0589305
-0.07261143
-0.16619614
-0.020495242
0.13521108
-0.37619492
-0.23686591
0.251869
-0.0016876922
0.1429994
0.075621486
-0.17333402
-0.007200615
0.048774183
0.13261868
-0.2325331
-0.28763217
0.01835595
-0.15524526
0.10548243
-0.10304171
-0.044455074
-0.17265254
0.22853631
0.20591776
-0.10071981
-0.045516644
0.16821139
-0.16095471
0.03115524
-0.019204509
0.028723447
-0.045539428
-0.010047915
-0.19761191
-0.013150838
-0.17709193
0.020021874
0.091368586
-0.22594284
0.02636944
0.26183942
-0.101947166
-0.19088946
0.07214818
-0.023235789
0.15268712
-0.051143885
-0.10502821
-0.020835832
-0.22557902
-0.18351687
-0.032679874
-0.06393902
-0.20051011
0.10393539
-0.03823126
0.07399696
-0.16340226
0.022836164
0.12300896
0.12223714
-0.2524269
0.058853995
0.09771744
-0.119382896
0.0010734926
-0.008199864
0.055587962
-0.06662507
0.1369222
-0.24547806
-0.0512701
-0.13889833
-0.027538003
0.008040814
0.06513037
0.080199905
0.11756872
0.2696416
0.07424134
-0.08180945
-0.2499737
0.057396065
0.048621226
0.089360245
-0.0005801456
0.04401577
0.09773683
-0.22528873
-0.078775495
0.00522591
-0.12412252
-0.14850257
-0.04831598
0.0020229311
0.08590676
0.024699492
-0.13243699
0.22965358
0.2542878
0.08298136
0.081311956
-0.13568763
0.007141597
-0.2412977
0.03701119
0.08755128
-0.11419145
-0.22807303
0.12041885
0.03941522
0.062499538
-0.12342534
0.12285828
0.14055131
0.13677408
-0.014467403
-0.12890223
-0.0002985737
0.035092954
-0.029465605
-0.020042632
0.0143261105
0.12892427
-0.20507205
-0.096442096
-0.045938868
-0.122220516
0.1638064
0.07669004
-0.18162613
0.07675874
0.12227225
-0.2522104
-0.021195142
0.07665949
-0.039188806
-0.07381557
0.22785704
0.20392239
-0.058678143
0.05310235
0.09113607
0.07179974
0.1305947
0.10951493
0.09689978
0.13294992
0.045631997
0.17982888
0.18300071
0.06929288
0.014294275
0.178422
0.27409473
-0.1926451
-0.054096557
0.10340431
0.05398514
-0.116279215
0.17613995
0.05627806
0.12322054
0.043005135
-0.034387525
0.12230412
-0.1394433
-0.14856897
0.0065918374
0.11449015
-0.080225825
-0.08609672
0.13025543
-0.023774926
-0.023095034
0.009103407
-0.060836855
-0.12586214
0.031882476
-0.009925485
0.0720912
-0.039876286
0.16982193
0.076111555
-0.07760907
0.17163765
-0.068629034
0.028707081
0.14632332
0.10993805
-0.247811
-0.051011078
-0.08154746
-0.055813596
0.058750447
-0.105238974
0.06537669
-0.063692324
0.09002622
0.24368738
-0.11436998
-0.041749667
0.0687152
-0.19484936
0.051450778
-0.14264105
-0.1567814
0.034197304
-0.072863005
-0.10331952
-0.1329547
-0.114979625
0.20290168
0.13807707
-0.04361282
-0.11763903
0.24543236
0.0296927
0.10002168
0.1788382
-0.0055234917
0.12994571
-0.13178706
0.023058906
-0.101991594
-0.15707174
0.19476387
0.05475147
-0.04655834
-0.04468247
-0.24363233
0.056192264
-0.15981427
0.09681407
-0.2944003
0.12386702
0.2390034
0.03784842
0.091957994
0.014053358
0.03187678
0.18355457
0.04505647
0.09513892
-0.10145131
0.06394441
0.009693222
-0.14152625
-0.05924228
0.35093674
-0.12157979
-0.1571495
-0.10204363
0.045314066
0.059601955
0.06637888
-0.0324176
0.12051915
-0.08570982
-0.038664978
0.1519482
0.104347244
-0.08183648
0.21391892
-0.12005379
0.11720595
-0.3471071
0.18685955
0.32766855
0.0025937627
0.08397999
-0.15419105
-0.066093124
-0.1343528
0.0358212
-0.100374036
0.18341278
-0.115511626
-0.10847546
0.0024263388
-0.21733981
0.164514
-0.0662351
0.019486176
-0.039191045
0.0058160825
0.16335525
-0.07579251
-0.16206527
0.10843363
0.18077132
9.215309e-05
-0.17834885
-0.04586545
-0.070624955
0.17435797
-0.061415903
0.008966941
0.06423339
0.30680498
0.06559969
0.076369345
-0.07952021
0.056650117
0.10518683
-0.13404815
0.020601327
0.052786835
0.17506336
-0.018687272
0.37903836
-0.014516411
-0.09402914
-0.12318724
-0.014621855
0.011179872
0.05138966
-0.017344007
0.124045946
-0.101805836
-0.04401382
0.02659442
-0.12218949
-0.061644834
0.019108491
0.11381835
0.11022048
-0.1858896
-0.03685555
-0.14178722
-0.057143822
0.23676805
0.013373327
-0.0073833815
0.02152477
-0.09792124
0.07131534
0.006980714
-0.22444044
0.038162027
0.049125392
0.08950872
0.0852565
-0.048868537
-0.11448615
-0.10015152
0.13239942
-0.15592742
0.11185672
-0.14092143
-0.102677174
-0.030297078
-0.003719555
-0.13564229
-0.08595539
-0.14505407
0.1894108
0.0018508692
0.100690596
0.09985365
-0.007554809
-0.18050201
-0.10468797
-0.19944242
0.20109236
-0.12027781
0.17709042
0.2050984
-0.028093053
0.08049258
-0.009310725
0.08520347
0.07653452
0.10542627
-0.046228115
0.18669543
0.15710872
-0.1182822
-0.060142953
-0.03264812
-0.112269536
0.07483971
0.22333127
-0.11718663
0.07418223
-0.098838575
-0.02720857
0.13844833
-0.036646977
0.1275715
-0.1222081
0.0738766
-0.056842275
0.063765995
0.048563384
-0.017237209
0.09203391
0.104875006
-0.2582928
0.13429125
0.02683421
0.018910516
-0.082996294
-0.21897866
-0.106292784
-0.11893982
-0.048636522
0.08690202
-0.18407981
-0.1554051
-0.06418274
0.103929676
-0.20426422
-0.17294157
-0.12808491
0.13552894
-0.28558254
0.055614267
0.072808005
-0.022105096
-0.0086766165
-0.00025913576
-0.09117613
-0.05814481
-0.14142661
0.105367966
-0.047684465
0.25124553
0.039514724
-0.21064033
-0.045296967
0.018992083
0.028080467
-0.066067435
0.2385462
-0.04657242
-0.084432945
0.11793678
-0.040732842
0.028904863
0.053454824
0.11964887
0.03376648
0.06609692
0.03842242
-0.11355558
0.043071244
0.020140955
-0.03383604
-0.1288877
0.17095701
0.03603228
-0.012938171
0.020460442
-0.023815326
-0.055826258
-0.061160028
0.28117195
-0.21231124
0.17843935
-0.17667489
0.21967682
0.08694701
-0.11532648
0.022664733
-0.14667092
0.15470698
0.11781918
-0.07157077
0.11848547
0.052580215
0.09001147
0.08554272
-0.066322416
-0.028453885
-0.22150408
0.17489646
0.08242554
0.07374641
0.16238013
0.019224372
-0.09630166
0.010107546
0.18466964
0.09836381
-0.035168782
-0.23927312
0.13933566
-0.40053606
-0.12913054
0.22211704
-0.20534472
0.077347025
0.14328526
0.0057439622
-0.33765852
-0.057975315
0.12207298
0.0406511
-0.071182
0.08413765
0.05074888
0.028797446
0.0095837535
0.09356537
0.2506438
0.17380448
-0.17433657
-0.17519306
-0.13039595
0.17281274
0.26467165
-0.17873213
-0.11997026
0.0075786705
0.13455556
-0.027426453
-0.0071652653
0.0075354497
-0.0120155215
-0.03468255
-0.26918286
-0.24105817
-0.1040456
5.6677534e-05
0.03380037
0.20719652
-0.003288543
-0.128935
-0.102983296
0.32298198
-0.15146609
0.09731143
-0.12535954
-0.056920934
0.19796877
-0.14829202
-0.09806313
0.10316577
-0.14836138
0.027940998
0.09204205
-0.08637384
-0.041274447
0.20009814
-0.0881852
-0.13399433
0.13845997
-0.043453515
0.118506216
0.097424954
-0.077044494
0.17460354
-0.32039568
0.14235006
-0.2489188
-0.005035641
-0.027015205
-0.12075007
0.12119166
0.04603089
-0.056585554
0.08211044
0.12833576
0.24886088
-0.008784933
0.1728095
0.14494888
-0.13722771
-0.075639315
-0.17728145
0.13403665
-0.08196142
0.045157623
0.1001505
0.10573923
-0.09489798
0.022894986
0.05982263
-0.23192869
-0.06923277
0.06396559
0.10226152
0.08352518
0.22755234
-0.025935898
0.08389036
-0.21705855
0.24611233
-0.032510877
0.056574095
-0.10294212
0.037849
-0.034711733
0.16330038
-0.21751867
0.11335083
-0.096439146
0.061149426
-0.24457766
0.13660099
0.23005068
-0.079947025
0.104511574
-0.07861753
0.026160106
-0.061156973
0.06375747
-0.20778915
-0.038057808
0.15258312
-0.13080354
0.017384306
-0.15352076
-0.13373002
-0.051119335
-0.07307956
0.12592086
-0.021259962
0.10475787
0.22512689
-0.034155995
-0.06351513
0.16932955
-0.060303792
-0.30594012
0.17672487
-0.044430904
-0.24933903
-0.09325912
-0.009910756
-0.041665055
-0.1176094
-0.16164361
-0.031785306
-0.06555421
-0.122815624
0.05022664
0.16391677
0.15370964
0.06651046
0.0974607
0.22821398
-0.07453083
0.035655666
0.10812829
0.05787309
0.12352294
-0.08909252
0.3930573
-0.124221615
-0.02389258
0.17593876
-0.012829183
-0.041591294
0.0590994
-0.06133573
0.024882892
0.08718353
0.1950416
0.14338829
0.19002412
0.20722412
0.008873824
-0.04548283
-0.21386492
-0.27325544
0.11752444
-0.23422565
-0.047098916
-0.049587402
-0.047438048
-0.03740883
0.021024305
0.27160084
0.052823734
0.06198053
0.1441362
-0.34164554
-0.035153423
0.04355094
0.10546452
-0.016651977
0.05536564
0.007932277
-0.101076245
0.22825973
-0.015033979
0.10087278
-0.018281475
-0.13026653
0.05084486
0.015798537
-0.12935475
-0.081751935
0.07924995
-0.037131857
0.049606334
0.12100774
0.091764644
0.05361331
-0.025849601
0.08471263
-0.17081192
-0.054257836
-0.0058090095
0.06357059
-0.01867319
-0.23295318
-0.20647953
0.00364611
-0.0021489623
-0.0021231289
-0.13573791
-0.016310971
-0.0072308904
0.07085862
-0.17755824
0.10774009
0.13152052
0.019362899
0.090275995
-0.2354572
0.04222944
-0.10084141
0.05626485
-0.05676528
0.10737469
0.011199345
0.048817378
0.07100269
0.05846294
-0.098706484
0.1203097
-0.22053112
-0.07256278
0.025862698
-0.101663284
-0.094864205
-0.17869149
-0.006239055
-0.009093965
0.17597748
-0.01729005
0.27598402
-0.08246479
-0.0699287
0.15485403
0.075337976
-0.12853898
0.010598813
-0.06477749
0.048533443
0.03104948
-0.13138399
-0.089725
0.002715965
-0.10222487
0.083371505
0.42096972
0.12765338
0.14098874
-0.04142938
0.21266106
-0.04275194
-0.12366628
-0.0117675755
-0.23061047
-0.13748583
0.19968623
-0.009301441
-0.02544779
-0.017737161
-0.02160607
-0.055661697
0.09618149
-0.27124882
0.043231394
-0.025517412
-0.083462745
0.05152957
0.035137016
0.025461396
-0.16752657
-0.033266075
0.10901299
0.018913042
-0.14269415
-0.041913632
-0.11147948
0.3091709
0.02834743
-0.037291773
-0.21584111
-0.04557765
0.030581694
-0.13920338
-0.14238147
-0.03886428
0.08997473
0.2880418
0.19159159
-0.12243847
0.016810328
-0.15389167
-0.038024463
-0.12089068
0.1466735
-0.032398526
-0.0531149
0.0018510824
0.12871146
0.033324666
0.07336734
0.098080054
0.12965953
0.09803279
-0.098083846
-0.38924453
0.00094020175
0.074708015
-0.10646116
0.03791792
0.013448912
-0.058356903
0.0036172932
-0.028079964
0.15065207
0.02972347
-0.23058142
0.017103143
-0.04644847
0.23649919
-0.032274332
-0.20684998
-0.0319539
-0.1546895
-0.09877222
0.028849075
-0.14846385
0.023915887
0.0027889654
-0.050997898
-0.05451323
-0.0065044244
0.044448484
0.10096867
0.13615207
-0.183865
0.22165316
0.089279585
0.022595914
-0.16669597
0.036174953
0.17608985
0.0069978265
0.17489532
-0.17257744
0.081571475
0.032880917
0.031680387
0.04689383
-0.074686244
-0.22534038
0.10295118
-0.007574112
-0.08637632
-0.25940427
0.08513119
-0.12865427
0.09281775
0.23503745
0.24719994
-0.20215945
-0.011924366
-0.12867875
0.041792583
0.124506384
-0.005453683
-0.11452338
0.080760494
-0.22386752
0.21706553
0.05426142
-0.044273026
0.20205483
0.06534862
0.30447394
-0.2713516
0.08066806
-0.23879571
-0.022767892
-0.17018206
0.04281368
-0.00018766968
0.015198806
-0.07014264
-0.0790002
-0.05908289
0.15295511
-0.14808212
0.06594808
-0.25914142
-0.19888072
0.18004532
0.026268333
0.037326626
-0.02472148
-0.12204125
-0.13580517
-0.078605704
0.14198239
0.08954913
0.00828447
-0.20467101
0.13383366
0.047873907
-0.1554248
0.05732592
0.1392048
-0.2797649
0.008340697
-0.05067628
-0.017689597
-0.16760123
-0.011718701
0.1909945
-0.059502203
-0.012131754
0.21799435
0.038007595
0.033765983
-0.067949705
-0.13755158
-0.16662258
0.18675256
0.17459296
-0.25695342
0.14034253
0.047243796
-0.07333228
-0.08347123
0.12730533
0.30719256
-0.082893506
-0.15405355
0.29194286
0.14965631
-0.072497845
0.08524588
-0.10005248
-0.12240088
-0.04272438
-0.0156636
-0.15091367
-0.30921534
0.040790588
-0.015596588
0.003744059
-0.0112052495
-0.29904187
0.06439144
-0.1394368
-0.049942933
-0.09194684
0.024117546
-0.12853733
-0.08743303
0.26440933
0.14264509
0.14632683
-0.064088084
0.07100023
-0.08316154
-0.040866904
-0.07346286
0.16475762
0.0036070999
0.038785134
0.03432768
0.052587677
-0.1967937
0.30854824
-0.030967494
-0.030699445
-0.124455094
-0.04231852
0.13017711
-0.11533178
-0.10887701
0.10381304
-0.09428667
0.004811157
-0.0966504
0.12570927
-0.019615615
0.16182838
0.00817374
0.07562288
0.017629566
0.073080264
-0.041824102
-0.04687314
-0.021448482
0.02336433
-0.04743858
0.05539965
-0.06212986
-0.0036457086
0.08868427
-0.06598663
-0.03096095
-0.19223906
0.14060608
-0.18503182
0.104103394
-0.090460435
-0.2523487
-0.056960832
0.2353265
0.12786214
0.13743801
-0.22405925
0.010330137
0.06932708
0.21477298
0.0010531774
-0.26433095
-0.017795457
0.04505043
0.09129464
-0.113331646
-0.12836733
0.13939202
0.14614469
-0.1339395
-0.001435555
0.010326813
-0.2653304
-0.028418519
0.0741384
-0.012087571
-0.14812006
0.120574206
0.070183806
-0.032228865
0.12517153
-0.082646765
-0.12892978
0.03746482
-0.10336722
0.1556347
-0.022521976
0.10100396
0.06958528
-0.037676062
-0.15803652
-0.09175584
-0.052152954
0.07570895
0.10679039
-0.07158799
-0.08642354
0.16537462
-0.15481806
0.09427781
-0.21943943
-0.055994924
0.13423619
0.097542964
-0.02531636
-0.022769071
-0.12066568
0.02333972
-0.04649799
-0.09316495
0.04672875
-0.0075648157
0.010685154
0.14841434
-0.11206353
-0.0045953253
0.11188222
0.09391249
0.15088621
0.08082176
0.011403044
0.09033536
0.07395023
-0.072961204
0.18480378
-0.24625143
-0.31752726
-0.114632025
0.03715141
0.03138952
0.13977344
0.07820329
-0.14261965
0.042879447
-0.15648477
0.07109837
-0.09080707
-0.10267776
-0.04217424
0.025267987
0.07518424
0.012305298
0.001832872
-0.07534008
0.019922819
0.08832121
-0.07486769
-0.12589648
0.1030213
-0.039720275
-0.013356428
-0.120963976
-0.10034777
0.08343764
0.1948984
0.17702352
0.19252233
0.11628199
0.01837289
0.069947384
0.124712676
0.004643955
0.055904016
0.11287983
0.007753744
0.3991241
0.15157953
-0.06387606
-0.021218464
-0.056823716
-0.07286573
-0.26684925
0.06968756
-0.115425594
-0.2347881
0.023184262
0.0736745
0.06904714
-0.2799651
0.06840819
-0.03818774
0.15292093
0.072484456
-0.13232708
0.08489877
-0.12991615
0.114168935
-0.12372271
-0.001689855
0.05993992
0.056555748
-0.08173845
-0.052386265
0.0463258
-0.19431031
0.08162426
-0.13838293
0.1354793
0.116888285
0.25124225
0.011205995
-0.09073872
-0.021929478
0.021678988
0.06993652
-0.16650617
-0.13811348
0.14811876
-0.08969416
0.0014692959
-0.061917193
0.0883423
-0.112043485
-0.0036579552
0.04031293
0.14680187
0.0821586
0.20230128
0.22514981
0.08459486
-0.052998625
-0.0075726574
-0.27279785
0.13415305
0.080737665
-0.09354627
-0.2333669
-0.10765236
0.06749193
0.04344184
-0.069978304
-0.26829603
0.19900426
-0.09118161
-0.15958045
-0.13590662
0.12438203
-0.054737005
0.078629375
0.24479781
0.08071156
-0.0767492
-0.12156909
-0.09308414
0.3100722
0.23615198
0.00018495854
-0.18026553
-0.101226956
0.15991187
0.048103016
0.11371641
0.1396463
-0.057274688
0.009971086
0.100910254
-0.22541544
-0.08520406
0.06139972
0.11540428
0.22216749
-0.08263512
0.040077537
0.06572405
0.07086248
-0.05062585
0.036535382
-0.075868614
0.07215347
0.04570827
0.2316571
-0.23548384
-0.14000382
-0.13175678
0.010354852
-0.19283578
0.05259693
0.060363565
-0.05506094
0.15094832
0.060234033
-0.17416553
-0.13806774
-0.027159065
0.06608851
0.04515445
0.0978045
-0.1737791
0.033434696
-0.042279616
-0.08239304
0.118775226
-0.055395547
0.40327218
-0.0038618376
-0.0036118457
0.06423832
0.25676206
0.15919685
0.070583224
0.020986557
-0.06315327
-0.11841481
0.10914104
0.15135573
-0.003774838
0.12380276
-0.05351051
0.10379852
0.17973107
-0.0902227
0.046074163
0.016408201
-0.21199791
-0.0040079397
-0.060659762
-0.06905302
-0.025767813
0.06986214
0.07792748
-0.059446238
-0.07237889
0.15706857
0.04947041
0.04227159
0.2064312
-0.13997574
-0.034868162
-0.20846167
0.04860832
0.061363135
0.042620346
-0.04459789
0.06280684
0.052365232
-0.02803316
-0.12035693
-0.25228828
0.082470626
0.09784152
-0.07624875
0.097866885
-0.15807493
0.34633037
-0.08836798
0.24364169
0.03454338
0.08751397
0.13616352
-0.1294391
-0.07464894
0.091749564
0.17823884
-0.13192593
0.28932905
-0.0022757328
0.007918363
0.080228955
-0.11097693
-0.22862673
-0.014944371
0.052539524
0.108671814
-0.11904948
-0.08943903
-0.10619163
-0.05725347
0.013311803
-0.09653785
-0.03089731
-0.13773929
-0.08000607
0.18818878
-0.029666062
0.0652136
0.05725839
0.00023264198
-0.05742631
0.26757535
0.13432707
-0.32310936
0.028191688
-0.032793317
-0.18510385
0.1830756
-0.19037266
-0.124162816
0.055698503
0.19671078
0.110558085
-0.05972086
0.09312816
0.12823771
0.0045192
0.0834992
-0.11558589
0.063959286
0.104863964
0.100327015
0.0037071076
0.026768774
-0.09295485
-0.032418385
-0.0022264698
-0.19080845
-0.28994823
0.10396463
0.12479828
-0.21576108
-0.06570099
-0.24094827
-0.017261257
-0.0022869613
-0.08204326
0.2142906
-0.026566135
0.044392444
0.06041959
0.012038856
0.1686296
-0.15417965
0.0021658386
0.09189064
-0.12523973
0.015177262
0.028860532
-0.0005920004
-0.10764934
-0.09874782
0.07170752
-0.10662377
0.021059396
-0.018037468
-0.024565699
0.063266546
0.14318486
-0.14744592
-0.019751014
-0.044213448
-0.19492118
0.09208932
-0.04454399
-0.018146852
0.04759832
-0.11225226
0.1661501
0.018494537
0.038704447
-0.12680379
0.16950434
-0.085969076
-0.20355771
0.030492961
-0.12721963
-0.15645634
-0.09819387
0.16503757
-0.15822995
0.04476937
-0.03417128
-0.33090782
-0.27369124
0.06925473
0.16973531
0.07589022
0.07665956
0.06283704
-0.052784227
0.082227
-0.09821137
-0.09146225
-0.06729248
-0.048823252
-1.7777487e-06
0.02971821
0.08019926
0.018694494
-0.05214605
0.039588157
0.34803692
-0.017855294
-0.101834185
0.10589894
0.10049745
0.19360374
-0.16658597
0.07640127
0.011994541
-0.12514764
-0.018905446
-0.013654795
-0.16279632
-0.04616512
0.07095129
0.019853942
-0.006703034
0.03724985
0.054297585
0.027400633
0.041502517
0.07917802
-0.038601805
0.14985906
-0.13975804
0.047119077
-0.08573374
0.10264221
0.1309137
0.14635317
0.12337985
0.056217335
0.16876134
-0.036646646
0.10793382
-0.1465261
-0.03461007
0.033983547
-0.18465185
-0.13615283
0.046454567
-0.16314241
-0.119633675
-0.078071766
0.06777329
0.11887052
-0.010153804
0.24983895
0.027787725
0.17396776
-0.009958749
0.05938554
0.05930245
0.0011242427
-0.1411753
0.13079043
0.14290838
-0.0839814
0.05617319
-0.04027192
0.13923909
-0.008497976
-0.014847797
-0.018570896
-0.026282173
-0.03404749
-0.030946283
-0.20317507
0.016297948
0.07026609
-0.1550279
0.34255317
-0.094441816
0.1435674
-0.10679369
0.07639638
-0.20971587
-0.10471948
0.053967495
0.03117241
0.030981787
0.11384108
-0.021051474
0.09291204
0.05646487
-0.18384215
-0.05155755
0.15629153
-0.03862848
0.08945908
0.03891022
0.21415937
-0.18119809
-0.1276194
-0.07953734
-0.04865056
0.10679761
-0.076052
-0.08704984
-0.025508089
0.11676424
0.07344826
-0.036866736
-0.06320047
0.0049669766
0.10492497
0.19003098
0.09195743
-0.03979031
-0.13551891
-0.11207947
0.054641604
0.3087647
0.16410094
-0.008645155
0.32196155
-0.15600415
-0.04427583
0.14945418
-0.14776695
-0.092717595
0.08212177
-0.030088704
0.031778507
-0.016450733
0.059340328
-0.17055777
0.13364428
-0.13110135
-0.112728246
0.23636554
0.12543614
-0.12288512
-0.029298656
-0.22547978
-0.042121135
0.13806425
-0.11140175
-0.111005
0.023892077
0.11815605
-0.084141664
-0.018997472
-0.11583633
0.035750154
-0.06698851
0.055955283
-0.016942931
-0.16139826
0.12074857
-0.007499666
0.13959856
-0.13615707
-0.21503171
-0.081417456
0.022537418
0.11854544
-0.042773712
0.16440758
0.12924172
0.11956792
0.16353284
-0.0015556453
0.01240493
-0.094739646
0.042910088
0.06826799
0.03647245
-0.059124976
-0.05556012
-0.25814146
-0.031620413
0.04967808
-0.10794565
-0.15334433
-0.06605295
0.0594125
-0.07861812
0.022047158
0.045764584
-0.14982362
-0.30128425
0.22986911
-0.24485575
0.18169585
-0.15747242
0.00017059747
0.09793073
-0.06115541
-0.033855893
0.037671022
-0.19903336
-0.1592371
-0.14307317
0.14523545
-0.21119794
-7.6070726e-05
-0.032487728
0.11248947
0.00072032615
0.15656543
0.13674948
-0.18381014
-0.19929336
-0.09456681
-0.0039736563
0.014300845
0.10510395
-0.21195425
-0.012119456
-0.18011844
-0.16169322
0.17445223
-0.040758085
-0.12354211
0.022755297
-0.089662015
0.14572206
-0.015885953
0.09221488
0.025887692
0.0038214242
0.16126502
0.12905352
-0.045934517
0.075350605
0.11003499
-0.07564243
0.035322558
0.10311319
-0.021360587
-0.06361505
-0.25136963
-0.022743907
0.08932733
-0.00046712573
-0.2205268
0.012471836
-0.10417266
-0.12507877
-0.037179254
-0.13234034
-0.09826871
0.029452456
-0.0043800105
-0.025461338
-0.040988762
-0.14409629
0.10585178
-0.002537924
-0.00868932
-0.06736787
-0.14253259
-0.11118447
0.21028647
0.10213436
-0.1414432
0.07109618
-0.1617851
-0.10978077
0.062664114
-0.105692
0.0038515683
-0.014360603
-0.021505855
-0.06070665
-0.06984627
-0.13224871
-0.056024924
-0.18526459
0.16721803
-0.033426814
0.19899845
-0.16846913
-0.029037917
0.080279976
0.050555393
0.021301994
0.2080815
0.050697014
0.28154325
-0.060918316
-0.25651905
0.20508984
-0.059661243
-0.052814133
0.1269289
-0.025813902
-0.007084203
0.010207846
0.12805597
0.039737284
-0.13147223
0.1354843
0.10716951
-0.011082128
-0.0058430857
-0.08587687
-0.040892743
-0.016869664
0.1943505
-0.01569775
-0.017364282
0.006936399
-0.017335713
-0.14174376
-0.07311794
-0.036811437
0.005281655
-0.09060994
-0.06694973
-0.14358342
-0.052064214
0.06950781
0.036225148
-0.03197539
-0.08613907
-0.063125685
0.1641199
-0.088323176
-0.07460059
0.1659012
-0.094863124
-0.1759388
0.10704803
0.096828565
0.008850662
-0.21962708
0.15698062
-0.00046852804
-0.08533837
0.0060104015
-0.11384384
0.15710884
-0.2694019
0.0103295045
0.11221276
-0.17424172
-0.0137801
-0.1902675
0.09229772
-0.17980483
-0.04083272
-0.036935497
0.12753013
0.067836046
-0.021159338
0.08949405
0.032614376
0.032664597
-0.07798165
0.08488098
-0.0366399
-0.09484126
0.16476049
0.23351564
-0.059549704
-0.0470122
0.09886523
-0.13225208
0.1931293
-0.2580115
0.10909287
0.06513589
-0.096184306
-0.024474012
0.06656706
0.04620161
0.037937906
0.09328734
0.080531694
-0.22730052
0.13880527
-0.06139886
-0.052610885
-0.08711994
0.14760865
0.13037543
0.14822496
-0.12014823
-0.024514465
0.093637474
-0.06181774
-0.103292085
0.0069373115
0.025934137
0.10349059
-0.13035467
-0.045168463
0.2628145
-0.031141892
-0.15279977
-0.19277176
-0.12344967
0.054269195
0.18446037
-0.032726947
-0.015564661
0.23534675
-0.06192535
-0.09554511
0.025831547
0.009213718
-0.06398815
0.039083753
0.21560708
-0.05040889
-0.14005823
-0.17004381
-0.06789618
-0.05554783
0.268167
-0.021438109
0.12160441
-0.035754666
-0.056289844
0.054413345
-0.040981144
0.052641254
0.03833749
-0.115916744
-0.035192806
0.08186591
-0.10822447
-0.22088362
-0.09764853
0.00591016
-0.13978069
-0.029890593
-0.15080911
0.18127206
-0.08186432
0.040043943
0.099410556
0.018899338
-0.02800635
0.04757352
0.17045857
0.14231601
0.13073482
-0.0023091175
-0.05479428
0.1334843
0.023426961
-0.08621667
0.109748624
-0.072731405
0.0040615075
-0.109945334
-0.04761655
-0.18771648
-0.28221554
0.023011075
-0.07634792
-0.29216784
0.024415188
0.030615468
0.22398537
-0.0138923945
-0.012558381
0.20933838
-0.117107816
-0.24869986
-0.01848487
-0.019435652
0.16950165
0.17906266
-0.027539218
-0.12561092
-0.026691344
0.12133439
-0.06531545
-0.15412381
0.11883793
0.06817963
0.061962854
0.28685197
0.20732786
0.11328383
0.17262167
0.1314896
0.068307154
-0.04517516
0.013023405
-0.15000637
0.17870116
0.008661713
-0.13172665
-0.049230877
-0.0834451
0.06085574
0.061916932
-0.034571316
-0.019811872
0.10339385
0.013069792
-0.24557686
-0.03718313
-0.029642511
0.060339164
0.14890602
0.031578116
0.04598121
-0.026097277
-0.0615814
0.22659728
-0.09083421
-0.23627864
0.071783185
0.14508225
-0.16744308
-0.09170662
-0.17299259
-0.120159574
-0.07082484
-0.022215614
-0.13604431
-0.01726708
-0.09884628
-0.019479735
-0.166708
0.0731089
-0.054149095
-0.012936334
0.14012267
0.01822078
-0.1870701
-0.033539705
0.15281944
-0.10729768
-0.043861926
-0.15886231
0.18080916
-0.11868313
-0.09389254
0.06471494
-0.10347934
0.04760213
-0.020223185
0.20646344
-0.023030972
0.029082693
0.018786244
-0.23680891
0.03999968
0.071495876
0.10138284
-0.013064643
0.12184207
0.08874516
0.17528504
-0.10837552
0.25947854
-0.10189489
0.027294304
-0.0013083922
-0.24159983
0.09033262
-0.07272319
-0.015282118
0.04127385
0.19592564
-0.09649109
0.07944066
-0.17816989
0.21133347
-0.02651136
-0.043550093
0.021284485
0.043670047
0.047184136
0.05364234
0.0721933
-0.101041794
0.015900478
-0.08189276
-0.035402626
-0.19325565
-0.039944634
0.012014518
-0.14334692
-0.08353916
-0.16957639
-0.036583226
-0.07862941
0.059264116
-0.022871647
0.29657817
0.07406319
0.11484227
0.13780935
-0.22527349
0.062425748
-0.24538842
-0.2995759
-0.103469245
0.04397499
-0.05666388
0.07188253
0.12574261
-0.07560576
-0.15154013
0.039214212
-0.09357333
0.11306353
-0.033995092
0.022045437
-0.058405753
-0.066461086
0.16330954
0.06718856
-0.27831423
0.08655801
-0.07467563
0.20082924
-0.14125894
0.009303518
0.059474763
0.042813294
-0.14608683
-0.011797076
0.12570675
-0.10266516
0.2418399
0.08306943
-0.051395144
-0.013638409
0.0718785
-0.14752646
-0.031780846
0.0767739
-0.1733831
-0.008475457
-0.15488966
-0.17274581
0.04500785
0.10954477
0.23806556
-0.12625998
-0.051819243
0.023919739
-0.032893017
-0.093711235
-0.037669808
-0.18836895
-0.039647464
-0.00067516137
0.12787548
-0.17842552
0.060603596
-0.038584854
-0.008568344
-0.15392245
0.0007365686
0.09576626
-0.16199264
0.0051155193
0.22445484
0.17987931
-0.18666555
-0.17687081
-0.06416962
0.015827298
0.0608259
0.010510728
-0.14832708
0.095088646
0.0072559165
-0.017031789
0.059880603
0.12843524
0.2187032
0.049569827
0.00044903753
-0.1546262
-0.042435765
-0.09779481
-0.03192762
-0.066222705
-0.011828726
-0.0136073455
-0.021087978
0.19888194
0.10715421
-0.052597705
-0.010023516
0.026532143
-0.07984233
0.047755945
-0.1626325
0.10018166
0.031525303
-0.079414286
-0.20644918
0.07294164
0.05166443
0.24689049
0.020656945
0.055279188
0.15652613
0.09209007
0.04362853
-0.11711447
0.0071875663
0.027041474
-0.17726322
0.042704325
-0.12212911
-0.1565574
-0.024633233
0.0009927339
0.045125995
-0.013726338
0.041575614
0.13269964
0.06555304
0.13314816
0.008317212
0.04244638
-0.09745037
-0.03314999
0.11146818
-0.07685462
0.050864812
0.32032043
0.10361766
0.052175466
-0.12909772
-0.087190926
-0.15608054
0.010399317
0.08512025
0.12508014
0.03701324
0.2180569
0.20258848
-0.05255269
0.07975228
-0.1631263
0.08230018
0.122285515
0.010923248
0.29248068
0.0062736375
0.12461755
0.035274092
0.13090433
0.19463038
-0.116382726
-0.09876857
0.053417794
0.034053836
-0.018978592
-0.24429429
0.025776025
-0.32189468
-0.035866782
-0.21125922
0.17318343
0.12374841
0.21543917
0.21210675
0.04785863
0.124097414
0.0025411095
0.07057143
0.09337399
0.1856852
0.011216853
-0.05923246
0.050500493
0.0823787
-0.10456972
0.09284344
0.0081092
-0.0059947213
-0.12529317
-0.019953221
0.089519754
0.0018534329
-0.000929425
-0.23670967
0.071626924
0.10528713
0.105469026
-0.021796336
-0.035024844
0.25821087
0.19318026
-0.060638357
-0.061392825
-0.21088274
-0.03917124
-0.07095997
-0.18455406
0.044527456
0.0104446765
0.11185489
-0.030023102
-0.2975771
0.05837985
-0.024394676
-0.15982033
0.0059824837
0.17859066
0.19517419
-0.13765775
-0.08868163
0.058635518
0.07687732
0.0959177
0.04765136
-0.163711
-0.10370388
-0.076406404
0.036473226
-0.0017729828
-0.12154579
0.12116079
-0.1463769
0.076669596
-0.007242705
-0.14383319
-0.05143197
0.034060407
-0.15555422
-0.1945482
0.027956812
0.13526917
0.19361284
0.34636512
-0.13337359
-0.011488228
-0.086375654
0.19041428
-0.013101901
-0.092327856
-0.0063960375
-0.009513221
0.030901339
-0.006187726
-0.014310671
-0.25267494
0.06106825
-0.21808182
0.17710684
-0.033258203
0.074384406
-0.08540957
-0.045224648
0.078347966
-0.14654584
-0.026381308
0.2029511
-0.08309548
0.059638917
0.14948255
-0.16880068
0.15407416
-0.13973735
-0.07177776
-0.25214717
0.21494284
-0.09137082
-0.24766964
-0.01843504
-0.013467861
0.09794687
0.07667782
0.11918573
0.298334
0.105048284
-0.13672157
-0.13613096
0.0056392467
0.11173303
0.35636887
-0.17716198
0.166874
-0.11498962
-0.06291528
0.1363321
-0.100012444
0.21905723
-0.034868296
-0.0039999825
0.11938016
-0.07208566
0.28994736
-0.08891775
-0.06930039
0.0010476394
0.04558452
-0.08215586
0.056142937
0.008926893
-0.095352426
0.15596814
-0.10445052
0.0296208
-0.07337787
-0.05383615
0.06936802
0.102804996
0.2902785
-0.106945716
-0.08237431
0.07938576
-0.067042135
-0.05455211
-0.04305245
0.117038794
0.18370861
0.13470097
-0.10537721
-0.08671334
0.034444533
-0.08845309
-0.16575395
0.11861264
0.21333723
-0.014959272
0.09714556
-0.017328894
-0.016123507
-0.038908005
0.01639137
-0.093259506
-0.102810524
0.20642895
0.12591392
-0.16234218
-0.06862006
-0.054499194
-0.0016243947
-0.05741988
0.029674534
0.06163722
-0.097591855
0.17442879
0.072550856
0.009200844
-0.18585703
-0.10969923
-0.03553612
0.055413477
0.15284683
-0.043309223
-0.017595552
-0.0112402905
0.026692694
0.06555543
0.14680783
0.039224453
-0.022685759
-0.07083103
0.04402063
-0.09802541
0.08966613
0.0064950935
-0.012427099
-0.11184933
0.2381449
-0.12196325
-0.0031273824
-0.14616108
0.15661877
0.11189948
0.14820881
-0.058847185
0.036682077
0.030430716
-0.14745164
0.1979795
-0.15892749
0.030804971
-0.049839407
-0.12256067
-0.061036557
0.048154455
0.20948808
-0.031239666
-0.108496
0.14019789
-0.040547915
0.055804916
-0.078822844
-0.051248785
0.024139596
-0.009153494
-0.08081942
0.23206757
0.009240807
-0.05128146
0.11420089
-0.1190705
-0.09649119
-0.08527789
0.22589676
0.23401104
0.092910275
-0.12913446
-0.102938995
0.26795077
-0.024991293
0.16884324
0.0025983911
-0.12198544
0.13730317
0.05398533
0.21393517
0.08670713
0.063615054
-0.1438861
0.15746099
-0.34380457
-0.0010605005
0.09284973
-0.27816057
-0.23851712
0.008907353
-0.15227626
-0.017187584
0.11967579
0.07677836
0.057643637
-0.12599652
0.14214242
0.024757242
0.01613425
-0.004186981
-0.29189298
-0.05630335
0.017305605
0.018393695
0.11585697
-0.09231554
0.1577581
0.08343413
0.019184427
0.122687265
-0.14720535
0.22000995
-0.10791425
0.036086645
-0.31937602
0.033519402
0.36593285
0.11312468
-0.05368969
0.17791283
-0.12284852
-0.05621864
-0.24487779
-0.035688013
0.121689
0.14484897
0.018907877
-0.16149774
-0.0065863575
0.116479926
0.0331996
0.017016347
0.107159674
-0.109065235
0.034197472
-0.070926346
-0.24064042
-0.20681861
0.16171528
0.17671533
0.0005437395
0.045894623
0.015723187
0.20876266
-0.0055853766
0.07639619
0.15463182
0.056841634
-0.066053234
-0.16142458
-0.12496299
0.11414003
-0.08498372
0.07964526
-0.14176254
-0.07484469
-0.082612775
-0.21921273
0.24081278
0.31280777
0.05152119
-0.12040209
0.029069817
0.031934947
-0.04151598
-0.060443513
-0.1189266
0.05563082
0.0361715
-0.00522064
-0.1177194
0.057394926
0.05506524
-0.08635578
-0.106866494
-0.10960971
0.0031108225
-0.026201215
-0.07163024
0.07467712
0.025343088
-0.11342573
0.11736788
-0.13585365
0.036168363
-0.028969424
0.09877396
0.15431722
-0.03856782
0.077992216
0.15310788
0.10546056
0.022313606
-0.06301672
-0.12746952
-0.1342201
-0.07325554
0.03504903
0.016719235
-0.08597043
0.1456357
0.030633615
-0.055426545
0.12147367
0.012042764
0.02369015
-0.075803146
0.09301021
-0.03424866
-0.034368563
-0.053286023
-0.021805566
-0.12310347
0.08167201
-0.31472966
-0.11241185
-0.057831082
0.009866919
0.17070392
0.12304152
0.042391103
0.4141499
-0.03164137
-0.15511931
0.08608193
-0.05701347
-0.05505166
0.13808525
-0.13013054
-0.099893615
0.35078517
-0.16190824
-0.13215972
-0.0044918517
0.021199355
-0.10160962
0.17149343
-0.008329451
-0.0075100884
-0.24913792
-0.21088319
0.056929983
0.09233998
0.115003355
-0.4344132
0.0195233
-0.040427443
0.037651755
0.10792345
0.16638154
-0.06708369
-0.0796724
0.13928226
-0.044589505
-0.03174004
0.06815529
-0.055927373
-0.056114044
-0.19011585
-0.22427939
0.0274671
-0.23544456
0.07111405
-0.16666313
-0.038829572
-0.08026033
-0.16509695
-0.13210082
-0.012119636
-0.22267303
-0.16008046
0.024539351
0.12814231
0.07404994
-0.034412436
0.11754704
0.06261008
0.2173843
0.14435482
-0.031490814
-0.022782588
-0.19268787
-0.042658065
0.010411803
0.018719453
0.17866448
0.11897059
-0.10460353
-0.1464078
-0.012176661
-0.058928166
0.05681842
0.04554158
0.13499373
0.009958284
0.12564167
0.00042591558
0.09561464
-0.015119744
-0.15611948
0.11136664
-0.044144243
-0.16427857
0.010711704
-0.09383203
0.08531417
0.17277078
-0.25550452
0.07111755
-0.00109306
-0.04504182
-0.072774954
-0.09518439
0.13045989
0.011062651
0.10774155
-0.08806577
-0.0815673
0.13220203
0.039401446
0.13035484
-0.036804598
0.052668296
-0.034803383
0.16245432
-0.17422038
-0.071001105
-0.012566584
0.30580467
0.13625129
-0.012164007
0.06302163
0.00942925
0.3471803
-0.16702202
-0.04153407
-0.04151579
-0.060513504
0.17940639
-0.016705213
0.011147557
0.14043313
0.017534316
0.09147102
-0.11737463
0.055150807
0.09234464
-0.07136369
0.23418756
-0.25143337
0.14570744
-0.14885959
0.06401557
0.08343619
-0.13830708
-0.11622575
-0.10902546
-0.13642417
-0.040131126
-0.11449922
-0.07413209
-0.08087854
0.06807911
0.09201252
-0.058401085
0.007497474
0.18449332
-0.0052540796
0.10142934
-0.24335371
0.012172615
0.09889213
0.010088915
-0.119955644
0.09100423
-0.014468066
-0.01545368
0.09244637
-0.07957496
0.10998233
-0.16090977
-0.016755749
-0.09392113
-0.16816527
0.10266368
-0.035172082
0.11755259
0.08746782
-0.0062829875
0.013948274
-0.026193844
0.05649446
0.12837528
-0.06521362
-0.029988926
-0.039469495
-0.071650915
-0.039226755
-0.094350085
-0.062124312
0.004738802
0.09084742
-0.00402393
-0.010791765
0.018112855
0.003826879
-0.18678388
-0.15586005
0.08296874
-0.044863947
-0.113927625
0.036571678
0.2533981
-0.03873458
0.15803964
-0.007427457
0.08250269
-0.05471407
0.06594036
-0.029009895
0.0944696
0.043620113
-0.09006624
0.12237017
-0.099284165
-0.25159273
0.034684535
0.0468333
-0.08450004
-0.009005601
-0.26128373
-0.05607645
0.037293885
0.19199629
0.059960585
-0.18967257
-0.207807
0.19132122
-0.07805191
-0.26577663
-0.10849682
0.057893693
0.061069787
-0.039300926
0.04329546
-0.058775246
-0.1135537
0.06767827
0.17302562
0.025174383
-0.057776254
-0.050548512
0.34901935
-0.20152885
-0.0077354168
-0.042081796
0.083281845
0.04639119
0.17604427
0.059432253
-0.18816163
-0.20262279
-0.23212962
0.23736587
0.088213
0.18144369
0.14126317
-0.23578827
-0.093310304
-0.17654042
-0.08082446
0.07995045
0.029375928
-0.011618714
-0.07691107
-0.036193967
0.14626677
-0.03936081
-0.04024724
-0.13790886
0.023968365
0.056277294
-0.08291904
-0.13163155
-0.0563106
0.058994025
0.06711691
-0.069907315
0.031839583
0.04016396
-0.14388338
0.032558516
-0.09782422
-0.2051102
0.08432659
0.050299324
0.04994485
0.002319681
-0.046566445
-0.057034228
0.06982764
0.032258917
-0.123577856
0.12106242
-0.10812939
-0.18886028
-0.10134329
0.10487199
-0.16455185
-0.09283076
0.07512255
0.13537672
-0.0102641005
0.0035100342
0.052740138
0.14573772
0.007082436
-0.12890248
-0.16117129
0.012202704
-0.047509532
0.106438585
-0.43058792
-0.06475831
0.053859692
-0.08985924
0.041156758
-0.026169889
0.24826214
-0.0040659904
0.32635123
0.02903293
0.061818432
0.117336795
0.009931876
-0.14013594
-0.046701342
-0.09849024
0.1028293
-0.093152925
0.05718352
0.061597597
-0.21831137
0.06928855
0.2549151
0.011853293
0.04647409
0.23888256
0.022066334
-0.026685795
0.110475905
-0.10506358
-0.2258475
0.33585244
0.0074960277
0.068183444
-0.03418442
0.32512015
-0.14841002
-0.19927308
-0.15493433
-0.18013619
-0.014756297
0.07071357
-0.1365792
0.027239032
-0.18005766
-0.07605972
-0.14012699
0.06115623
0.16257799
-0.033025317
-0.14427482
-0.27855602
-0.14381985
0.032351714
0.04031061
-0.39643064
-0.19314075
0.24915901
-0.16070215
-0.122018754
-0.078954086
0.07046265
-0.045211427
-0.04103488
-0.054013878
-0.02297871
-0.034478318
-0.14375278
0.072903335
-0.0010264338
0.09996194
0.021000944
0.17263845
-0.110941045
-0.10391883
-0.007189758
-0.05774529
-0.053531107
0.14331071
-0.0036198308
0.00526228
0.18055978
-0.12312479
0.104431346
0.12288139
-0.02065302
0.009590854
-0.083340205
-0.051050108
0.06523608
0.06639642
-0.012917353
-0.11778583
-0.010786429
-0.0005970589
-0.1673121
-0.05450793
0.09458675
0.08173969
-0.054646563
-0.05274809
0.16076446
-0.03197106
0.048535716
-0.03615342
0.088068366
0.1443732
0.09261198
0.10467938
0.146139
0.07355344
-0.026127197
-0.06937234
0.01943462
-0.17959729
0.13376392
-0.0016682481
-0.021841504
0.034777947
0.0032977497
0.28379148
0.047476497
0.12848616
-0.14114082
0.10134038
-0.06840278
-0.17933576
0.14427699
-0.2983262
0.15546939
-0.09238362
0.12047085
0.021201449
0.15195733
0.27934164
-0.210513
-0.15018314
-0.2661658
-0.0979425
0.20458342
0.015874926
-0.011595246
0.02673415
-0.12419734
-0.17593698
0.10393629
0.018069437
0.043212697
-0.223348
-0.0789341
0.039801512
-0.10505624
0.068071656
0.047623985
0.35131568
0.09105173
0.091639094
0.19953936
0.11076519
-0.13324484
0.008023589
0.008383272
0.02347694
-0.024196083
-0.059467748
-0.08845087
-0.17204584
0.030902687
-0.07745771
-0.04675246
-0.26535344
0.05621939
-0.12206836
-0.20238292
-0.097224034
0.07481229
0.046863712
0.012698568
-0.13417584
0.07145778
-0.119988285
-0.0005343166
0.053692225
0.1745051
-0.0304522
-0.20414764
-0.09419604
-0.011208003
0.11805037
-0.2682663
0.0020358963
-0.17094909
-0.055655595
0.045353528
0.01340576
-0.0486485
-0.020076524
0.0067208996
0.12087692
0.07456052
0.19509667
0.08239105
0.11480105
0.089069225
0.047326375
0.030686798
0.12658942
-0.19636683
0.127877
-0.12655355
0.2165105
-0.14537378
-0.08581856
-0.14166482
-0.018599836
-0.056119286
-0.11983806
0.11699218
-0.13297237
-0.14926982
-0.14673987
-0.23709787
-0.24957189
-0.10481298
-0.096650936
0.008554032
0.045240313
-0.018807799
-0.15304725
0.0916958
-0.18325694
0.051145446
-0.13901535
0.062471446
-0.11866791
-0.12587582
-0.15282997
-0.028187243
0.067192644
-0.21621831
-0.33723602
0.061038427
-0.11550027
0.07911284
-0.03246038
-0.16741587
0.014574464
-0.049874905
-0.07989401
-0.0023367212
0.013779322
-0.02534175
-0.037807353
-0.10496414
0.011678931
-0.17126013
0.0030612322
-0.12519147
-0.08972472
0.034598675
0.09713684
-0.17476702
-0.0019186555
0.16538063
-0.034514595
0.027421322
-0.03770146
-0.1412316
0.02806271
0.019247973
-0.19141686
-0.16017056
-0.040680222
-0.14403528
-0.08261228
0.074636966
0.13881056
0.13483788
0.07846752
-0.21362814
0.025988393
-0.18678513
-0.1582868
0.059526302
0.04846694
0.09144441
-0.21735033
0.20425038
0.1077783
-0.019739548
0.056727994
0.22526348
-0.0102285
-0.30042776
0.06510646
-0.103704505
0.15366189
-0.37176067
-0.06510053
0.12684807
0.08246121
0.10565233
0.12601754
-0.08615885
-0.1665956
0.12568903
-0.16312927
-0.054489743
-0.011692412
0.19991615
0.008686744
0.26887006
0.021928625
-0.027637435
-0.009857137
0.07139536
-0.09174773
0.003391038
-0.13253723
0.030972265
0.110471755
-0.08100771
0.09621446
-0.06758294
0.19417793
0.18427236
-0.18932068
0.1450105
-0.15437102
-0.18688759
-0.15493184
-0.030043121
0.14870694
0.10213537
0.11247111
-0.060772054
0.19484784
-0.0031088188
-0.08587228
-0.18791847
0.074269466
0.03761137
0.070497245
0.011253331
0.06511668
0.11444264
0.031561386
-0.13642463
-0.02455879
0.0815027
-0.026047604
-0.24763705
-0.07550546
-0.060140736
0.016103782
0.07890938
0.061213154
0.006584598
0.1594185
-0.048644204
0.02946829
0.079406336
-0.021717964
0.09456539
0.085762374
-0.22531736
-0.00894144
-0.2054558
0.019866478
-0.110297486
-0.014025224
0.1184016
-0.15927616
-0.11410262
0.057451755
0.09684587
-0.00021212567
0.20177107
-0.067353144
0.09373422
-0.010663812
0.03400751
0.086817876
-0.072112694
0.121686555
-0.07314218
0.2692839
-0.046818834
-0.0485839
0.11041676
-0.16543268
-0.1863799
-0.061174024
0.19134659
-0.06023924
0.006518379
0.04584091
0.013174791
-0.019153774
-0.10868363
0.0104450025
-0.11748028
-0.023333585
-0.088354126
-0.13250363
-0.1496338
0.14137407
0.057165265
-0.07132959
-0.13931677
0.020777011
0.050368126
-0.04412733
0.0024157122
0.14258932
-0.36611947
-0.03517127
0.06939554
-0.094716825
-0.109218694
0.19788724
0.0036013972
0.05580195
-0.26781714
-0.07075795
-0.033431076
-0.020932008
0.13389634
-0.014516597
0.12929177
-0.18194003
-0.055842057
-0.0059078243
-0.12502421
-0.0021567636
0.09885281
-0.16733584
-0.1868562
0.22300376
-0.025858384
-0.07470304
-0.1482566
-0.062383737
-0.21848862
-0.050111007
-0.07152031
0.121725984
-0.089097545
-0.20368332
0.15824433
0.33022657
-0.030153187
0.11222835
-0.052746337
-0.065190114
0.071403
0.16729377
-0.12778437
0.13763067
0.04620396
-0.026710497
-0.12148532
-0.3578119
-0.13773547
-0.0472228
-0.1325359
-0.041647162
0.14001635
0.105981916
0.14526065
0.10160065
0.05557443
0.09327703
0.09624296
-0.03606179
0.124661826
-0.10672246
0.030387307
0.046245497
-0.11575904
-0.1473339
-0.04817458
0.1653993
0.22851017
-0.19751136
-0.106055014
0.18452649
-0.12803984
-0.0027569018
0.022688294
0.072739564
-0.19285908
-0.023514997
0.04356633
0.08105257
0.046078775
-0.03642137
-0.08170692
0.25298232
3.4197103e-06
0.07803355
-0.19779776
-0.03959018
0.022047788
0.03167996
0.15109558
0.0010125309
-0.081472896
0.05092839
0.12069602
-0.034582417
0.249696
-0.32313845
-0.13695264
0.09183152
-0.15047514
-0.05154052
-0.051492974
-0.11219489
-0.059442308
0.109829925
-0.14930305
-0.11016052
0.121933036
-0.008295464
-0.05822183
0.23227693
0.043690544
-0.018658726
0.09329989
0.2778575
0.03049947
0.053356644
0.3034891
0.18009084
0.02983751
0.15929987
0.030750751
0.11165147
-0.19865738
0.08819884
-0.038684517
0.05110802
0.041879628
0.28185982
-0.033612546
0.06789768
0.12308756
-0.008371449
-0.012411289
-0.1602514
0.06476515
-0.021111667
0.13868684
-0.05045751
-0.14498158
0.1773353
-0.10365161
0.2266265
0.086049065
0.099937424
-0.2147629
0.19709502
-0.0013256619
0.1921979
-0.033908356
0.117236495
-0.3356039
0.007610713
-0.042954996
-0.018979182
-0.03190434
-0.004179366
-0.23429629
0.030223507
-0.0601038
-0.0151328705
-0.049802907
0.16259252
-0.06466889
0.021273945
-0.19606955
0.32537243
-0.14222354
0.21796826
-0.107652396
-0.18046021
0.007867383
0.22358765
0.06693394
-0.012343517
-0.07377862
0.088829115
-0.03765528
-0.27157217
0.06926807
0.09386598
0.1276752
0.26520824
0.04624933
0.05756414
-0.0013798582
-0.07587265
-0.13244405
0.16570549
0.079038695
0.0219935
0.079591714
0.14087774
0.12648357
-0.23720194
-0.16779682
0.029452307
-0.06504975
-0.006158106
0.0748544
0.15777428
-0.062011313
-0.012554863
-0.41736424
0.06363438
0.13763344
-0.12639734
-0.13762683
0.23810063
-0.09834462
-0.11763788
-0.006396787
0.31026664
-0.189263
0.23421514
-0.14101708
-0.018884439
-0.073369466
-0.07328332
0.09958498
0.1300604
-0.08299992
-0.046098046
0.1270988
0.26961982
-0.053935934
0.07067321
-0.18328376
-0.092015795
0.11928218
-0.16860712
0.24227251
0.11898728
-0.16765487
-0.03751832
0.008325325
0.0876445
0.08238112
-0.28544828
0.10125017
0.105376095
-0.06467492
-0.02405027
-0.00012595001
-0.067225166
0.09800216
0.047717676
0.045872297
-0.08962348
0.05535093
0.047526762
-0.18510225
0.052646656
0.077733785
-0.11407447
-0.19887891
0.02207738
0.06475367
-0.020663068
0.062248826
0.05016344
0.12992197
-0.122651406
0.06698355
-0.19535679
0.12921576
-0.06752556
-0.013329684
-0.14578816
0.027140496
0.06620865
0.117695846
0.022381335
0.014374921
-0.004168144
-0.27609453
0.003896457
-0.037090153
-0.046728097
-0.15179752
-0.033185452
0.075789444
-0.11778106
0.319043
0.083125845
-0.013881441
-0.05052224
0.043595318
0.10550156
-0.061722334
-0.08313327
0.08667106
-0.2989352
-0.3071751
-0.28854337
-0.052104246
0.06448871
-0.07556618
0.053540617
0.13233283
-0.17441188
-0.107588805
-0.036013197
-0.17678049
-0.15814255
0.07908268
-0.0022603085
0.0034844077
-0.07794152
0.014945418
0.116388984
0.06499024
0.10889119
0.17401235
0.10776503
0.18396807
-0.0067147757
-0.04337803
-0.08238248
-0.10215003
-0.08554076
0.12073691
0.019089408
0.0078095477
0.11616309
0.13898496
0.093577646
-0.018162375
0.08606741
-0.31717268
0.023132505
-0.111173436
-0.06375874
0.19764133
-0.187769
0.045765765
-0.05552406
0.010186082
-0.1640048
-0.09887954
0.055517487
0.06466508
-0.033951525
0.11160885
-0.23924059
0.037927385
0.1556149
-0.031325176
-0.033194985
-0.064418755
-0.009542523
0.06420865
-0.053504862
-0.1279746
0.09911812
0.19527493
-0.1402694
0.14250992
-0.25485182
0.005295918
-0.053507358
-0.032334495
0.09330142
0.11840214
-0.09183161
-0.12339166
-0.05574334
-0.20762776
-0.27930528
0.008055885
0.08889142
-0.028770795
0.13513869
0.06314228
-0.16847612
-0.12453719
-0.12370271
0.0036743695
-0.0708584
0.047889862
-0.045651827
0.04858472
-0.01886981
-0.10412855
0.019241799
0.16533457
-0.00913423
0.10857389
-0.07424262
0.015437572
-0.120825246
-0.1146601
0.07280222
-0.21630327
-0.024679607
0.21357253
-0.023763614
0.033275455
-0.04193043
-0.010457087
-0.20717919
-0.030126031
0.05150724
0.10217972
0.044293895
0.06768188
0.1438886
-0.35889682
-0.0493177
0.007103467
0.039297905
0.27518633
-0.047601946
-0.004781518
0.014095511
0.06598557
-0.25531077
-0.02534346
-0.07999726
-0.04173021
0.106340975
-0.11450917
0.041122567
-0.16294372
0.03950629
-0.041153368
0.022217458
0.025428224
0.088152446
0.11305741
-0.088806786
-0.10546621
0.1361127
0.11216049
-0.0025965017
0.10957888
-0.16752957
-0.019714259
-0.11472191
-0.121044986
-0.018081311
0.16360986
-0.043482233
0.0431687
0.13645926
-0.16645473
0.21295348
0.19194199
0.09843149
-0.08106534
0.007917384
0.04185915
0.07038366
-0.1346327
0.029593002
-0.021464992
-0.121090226
0.13744038
0.15683426
0.059292965
0.038859863
0.054215014
-0.0823328
-0.054781217
-0.23046938
0.13217549
-0.02488986
-0.018876895
0.03400784
-0.21912275
0.07411276
-0.11261837
-0.066590935
0.04815922
-0.15645154
-0.18498224
0.05518078
0.075306736
-0.05404676
-0.10095543
-0.2789438
0.004644452
-0.11958348
-0.06663062
0.009772048
-0.13908148
0.026337985
0.04173003
-0.05288844
-0.17375894
0.10398931
-0.10274913
0.050536122
-0.021663308
-0.013588837
-0.095576644
-0.18254083
0.06845799
-0.06573672
0.049134158
-0.156416
0.121712886
-0.09555849
0.16175704
-0.038668558
-0.09625043
0.11424857
0.20012538
-0.17475155
0.12612799
-0.0655684
-0.12806681
0.053625852
0.08199128
0.029789727
-0.011766664
-0.009751707
0.16917376
-0.19714268
-0.015534569
-0.00858791
-0.035331562
-0.14826635
0.012248583
-0.20754789
-0.01890829
0.012544253
0.13286792
-0.11108177
0.012618249
0.05419864
0.06607393
-0.07166848
0.12890704
-0.10309203
-0.07009387
0.012826741
-0.1938889
-0.17692916
-0.16929862
-0.19262864
-0.15996994
0.15400398
-0.22910243
0.38164136
0.18418391
0.19564638
0.007191098
-0.033387434
-0.04400041
0.022890596
-0.21014681
-0.072071925
-0.031613786
-0.020880371
-0.09854572
-0.070920356
-0.09321975
0.2514062
-0.23343022
0.34138525
-0.03145304
0.12670457
-0.09875963
0.045879226
-0.1895558
-0.060517326
0.08592183
-0.1476301
-0.05421056
0.32837
0.19742504
0.113868214
0.08547618
0.13298628
0.02021952
0.082709655
0.05382543
0.12396192
-0.20843662
0.04923009
0.06703005
0.083496355
0.095249794
0.03355451
0.14413597
-0.119025744
-0.11653357
-0.08785423
0.26202098
0.081517294
0.21665893
-0.20137765
0.08037854
-0.07967801
0.14556544
0.17471144
0.031764936
0.10385503
-0.049886055
0.2199098
-0.0462999
0.059733376
0.05232466
-0.035292376
-0.05327941
-0.04717797
-0.0049342513
-0.2349118
0.15383428
-0.039258365
-0.07856183
0.076514296
-0.025394311
0.29598182
0.011603699
-0.08316541
0.096697316
0.01172973
0.22578387
0.05735601
0.10350666
-0.011566068
0.07948379
0.01918603
-0.07641708
-0.010529736
-0.084915884
0.08241514
-0.023746619
-0.06414765
0.14591034
-0.025193496
-0.02151556
0.10145443
0.055047784
-0.03210134
-0.24207076
-0.015632423
-0.13724618
0.16822097
0.07214339
-0.06963753
0.17908183
0.090794176
0.06750032
-0.09912746
0.15108348
0.08623798
0.17014423
-0.12372211
0.06836199
-0.08677334
-0.06679847
0.21519713
0.1633299
-0.19962661
0.028849378
0.07267668
-0.01396656
0.08422315
-0.13163577
0.05208624
0.09853536
-0.057368677
-0.22887878
0.085875705
-0.07477665
0.04727299
0.2672123
0.2057505
0.068415
0.33195916
-0.0816656
-0.092588164
-0.15936139
0.019698579
-0.05827763
-0.18448983
0.0051838015
0.055937067
-0.13281304
-0.191877
-0.15880138
-0.006530308
0.13301097
-0.003683965
-0.051031344
0.08298563
0.027033694
-0.067314275
0.11275458
-0.22415893
0.04264094
-0.0675146
0.030540576
-0.21105619
-0.2631631
0.10183979
-0.012339649
-0.013037627
0.00078526884
-0.02369123
0.03569143
0.07424506
0.15351565
-0.059063826
0.050187342
-0.009894039
-0.19578993
0.082041815
-0.08915635
0.1546443
-0.032398865
-0.06273144
-0.004243705
0.19549027
0.001689139
-0.14851399
-0.046939183
-0.05188443
-0.0038378662
-0.21465793
0.018384509
0.08680484
0.015081945
0.08883692
0.06690647
0.122824095
-0.18459535
-0.18407911
0.15084241
-0.07395929
-0.10461977
0.05151494
-0.022801641
0.08401173
-0.15180893
0.11147175
0.37211594
0.07025906
0.17457642
-0.009970083
0.12717196
0.094409816
0.13651602
-0.14181657
-0.037884537
-0.046672296
0.04725987
0.038504083
0.03132661
0.08376836
0.07509843
0.05877315
-0.017298315
0.03884357
0.27214447
-0.18017523
-0.020184094
-0.17649505
0.03113243
-0.06333948
0.14222783
0.27641717
0.11255927
0.19838528
-0.010310469
-0.037121214
-0.19189599
-0.03218288
0.13627602
0.022201944
-0.028442083
0.06474498
0.09497225
-0.16017091
-0.017766075
-0.037056148
-0.031656172
-0.00054398674
-0.042755242
0.1519213
-0.02582844
-0.09230188
0.019391993
0.052256636
0.1870742
-0.119935565
-0.18725504
-0.038629975
-0.2327587
0.12265954
0.11266721
-0.19312324
0.08364153
0.0072381985
0.1263403
0.0868367
-0.111232184
-0.07111659
0.18014327
0.06458417
-0.008444286
0.031973466
-0.08279269
0.12021045
-0.09844758
0.029323744
-0.124576166
0.106723614
0.064047314
0.023285478
-0.2148116
-0.20700642
-0.15772988
-0.11404889
-0.12324341
-0.08787742
-0.22021344
0.09891035
-0.08614289
0.07779659
0.2115054
-0.13480806
0.060961973
0.04955738
0.049469016
0.10745098
-0.057770815
0.07565506
0.12748043
