-0.05001755
0.036063254
-0.021663059
0.043878242
-0.031325642
0.0328228
-0.0067965128
-0.006972155
0.02685782
-0.017474912
0.014077102
-0.02662387
0.01562979
-0.012672134
-0.018929701
0.019270899
0.0049168123
-0.01767497
-0.0103514
0.019862752
0.020544186
-0.0015467517
0.0063954624
0.012488654
-0.031338528
-0.010948865
-0.024490258
-0.014322787
0.019187443
-0.06643156
-0.045437947
-0.0039133485
-0.018763712
0.009470301
-0.0861014
0.019884866
0.02203439
0.01780858
0.04608651
-0.00782949
-0.054868914
0.019577947
0.010328739
0.003806699
0.02987669
-0.010676475
-0.0629191
0.027872644
-0.025618041
0.0036134415
0.019683614
0.027984811
0.0069123018
-0.0040717795
0.005921812
0.008815341
0.0010814483
-0.03281491
0.01827752
-0.0126319
0.020412738
-0.008524278
0.016960306
-0.012877009
-0.0014641928
-0.022901071
-0.042962328
0.008788565
-0.06894407
-0.012680515
0.03955042
-0.005531746
-0.018399939
0.0050131
0.023013642
0.0020777932
-0.0056326333
-0.02395133
-0.006977842
0.03504723
-0.044900708
-0.0070092576
-0.03146695
0.06846852
-0.0086909
-0.015644267
0.009335569
0.0296891
0.0023239001
0.0282759
0.05369771
-0.032785717
0.048969816
0.017751472
0.028871365
-0.016750883
0.03262314
-0.0054262616
0.00241871
-0.042107746
0.01229696
0.012191557
-0.013098413
-0.0143342465
0.009731259
-0.04999038
0.012676938
-0.018330492
0.027760666
-0.037482206
0.024449497
-0.022117775
-0.008701841
-0.0035445953
0.042951386
0.027684597
-0.049253844
-0.01076836
-0.025499402
-0.034490496
0.02496122
0.03774519
-0.039067153
0.011858978
0.041983277
0.009829802
0.047307
0.0159263
-0.0011875492
-0.017723516
-0.06030277
-0.03372904
0.036103826
-0.07018736
0.041906662
-0.013538551
0.020168412
-0.023747778
-0.015142121
0.026472986
-0.00691192
-0.016017374
-0.0088675935
-0.002055601
-0.003943792
0.044127002
-0.0059565287
0.03658734
-0.002029703
-0.06420814
-0.0049280217
-0.00078687
-0.0125899855
0.027503781
0.028396549
-0.013464532
-0.007809768
0.035977364
-0.04051131
-0.021443939
-0.009033727
-0.03565783
0.0019832328
-0.0048131724
0.0994449
-0.028215444
-0.0011328504
-0.011647897
-0.04125067
0.05238422
0.02670989
-0.016855128
-0.001696468
0.013811506
-0.0022539105
-0.004823328
-0.008823883
-0.012906282
0.023053018
-0.02557653
0.042376716
-0.0035863058
-0.037346363
0.027187891
0.017050551
0.04160321
0.024315437
0.032855786
0.0834911
-0.01922314
0.032754693
-0.0019635593
-0.0064665982
0.017880373
-0.015075778
0.017348107
0.038353804
0.046430815
-0.0005251116
-0.004778165
0.019210698
0.035250094
-0.009012846
-0.036868457
-0.080640115
-0.0042475504
-0.041602682
0.032464102
-0.011532049
0.029741148
0.022101652
0.012939317
-0.043938328
0.019659191
0.0075657037
0.051319513
-0.0071829073
-0.023140052
0.0069737555
0.005776541
0.012356819
0.005600198
0.04045277
-0.03420261
-0.053962305
-0.01631935
-0.011606847
0.0005039018
-0.045274656
0.036010668
-0.04934876
-0.012683232
-0.00076954946
0.06744481
0.015228616
-0.022769278
0.0058420007
0.036266685
-0.008206772
-0.009627507
-0.025069546
0.025518784
0.0071603004
0.027422164
-0.08194396
-0.028066883
-0.029983876
-0.028041082
0.0024388956
-0.05568014
-0.0069823726
0.020069053
0.009925014
1.6236212e-06
0.027457124
0.011993971
-0.010886851
-0.022971641
0.006058259
0.021319604
-0.041261163
-0.029098557
0.014923147
0.01854057
0.0041934284
-0.005053638
0.037862442
-0.007076533
-0.042498216
0.008771426
0.0033033798
-0.028145952
-0.0009938654
0.008508018
0.022639487
0.014710194
0.027598865
0.026978688
-0.044623278
0.06465172
0.022619685
-0.056628425
0.09690385
0.04601623
-0.011387213
-0.024106858
-0.0009365026
-0.03747783
0.065105185
0.014001913
-0.014230247
-0.00851752
0.058257286
-0.036527757
0.009528243
0.017331058
-0.008524051
-0.0053304955
0.040535264
-0.022162467
0.010651057
-0.044559915
0.022467947
-0.001673041
0.02673275
-0.019306568
-0.00037353684
-0.0032450433
0.06385558
-0.01448219
-0.025221355
-0.066272296
-0.03606295
-0.006904846
0.07758249
0.037973166
-0.013063536
-0.033222545
0.049487315
0.0071959626
0.067567274
0.036330167
0.022951057
-0.0006096449
0.043084905
-0.02108681
-0.035589457
0.030548496
-0.01506451
-0.0016806769
-0.03347984
-0.017888723
0.001622588
-0.022393666
-0.053217478
0.033795238
-0.016035754
0.021272805
0.019485593
0.05201637
-0.018551875
0.018932456
-0.05371418
0.010760651
-0.00041707512
0.0106469495
0.0012357022
0.04377321
-0.017479097
0.03415644
-0.06258678
0.008240191
-0.047469143
-0.009072984
0.05796907
0.0019370686
0.052880522
0.027445642
-0.018004185
0.044945493
0.03922526
0.04599098
0.04797968
-0.0228318
-0.06515539
-0.006339674
-0.022016617
-0.031769626
0.017785357
-0.006824519
0.017372724
-0.0010325119
-0.0071066297
0.059951287
-0.01713257
0.037341774
-0.022005988
0.0107126
0.018870372
0.029019391
-0.02516214
-0.015097096
-0.008884637
-0.028959325
-0.018246312
-0.02662728
0.007377051
-0.0055161635
0.06565575
0.01770352
-0.002733328
0.03517756
-0.042245053
0.013294138
0.04727462
-0.037565775
-0.01468056
0.010131088
0.0007824716
0.041368343
0.013394791
-0.0073424485
0.00053933926
0.03756972
0.021731941
0.039136466
0.032904435
-0.026770066
-0.034416802
-0.01732038
-0.0024967843
-0.0037101388
0.004845518
0.00126979
-0.015087422
-0.030044248
-0.0064146053
-0.011761303
-0.01534117
0.0052930317
0.027585445
-0.0257145
-0.033160355
0.017363973
0.038026076
-0.03888722
0.024278287
0.011596226
0.07035977
0.008420409
-0.021428416
-0.018335331
-0.01780719
0.02907872
-0.0030257
-0.014418954
-0.034350768
-0.05260914
0.04764271
0.013385492
-0.0035652902
0.025152238
-0.014053908
-0.0058979113
0.022555547
0.032835055
-0.019697085
0.0493039
-0.03280384
-0.031014869
0.041726198
0.030118076
0.02098704
0.05044299
-0.029106827
0.02307543
0.016443165
-0.020994177
0.04793098
0.04160342
0.052651096
-0.030000355
0.03922372
0.0485235
-0.029993284
0.02930584
0.0074376855
-0.07499298
-0.033603575
-0.02418772
0.02338309
0.009136942
0.02032015
0.028043263
0.012384816
-0.039209105
-0.00957722
0.010352663
0.0026576119
0.04780469
0.06536404
0.106482044
-0.0069058756
-0.024657696
0.0011501142
-0.008330376
-0.024534034
-0.045698795
-0.0019211761
-0.009791444
-0.053798903
0.0329382
-0.0069780354
0.0023457967
-0.020863129
-0.053264298
-0.043796454
-0.016464492
0.0381551
-0.039690748
0.014542123
0.028479872
-0.016422872
0.019644177
0.059662677
0.0067140553
0.009338775
0.012019342
-0.04146262
-0.04113236
0.014017805
-0.033699483
-0.030737866
0.02277365
0.0036121258
0.046112042
-0.011753271
-0.019374415
0.016015274
0.033293463
0.008225879
-0.024495173
-0.10075891
-0.011883816
0.004491231
-0.01684774
-0.022140639
0.0012756041
-0.016139343
-0.051661685
0.031865798
0.011560511
0.036379106
-0.0360097
0.0095570795
-0.0024536499
0.020710668
-0.0058745854
-0.008075805
9.490028e-05
-0.033664204
-0.04599679
0.037908215
-0.017075777
-0.0012754479
-0.015471288
-0.017211365
0.01657443
-0.023292553
0.04935146
-0.03005819
0.0010143828
0.006719283
0.017830309
0.0075368457
-0.048245613
0.037098516
-0.027967041
-0.0216523
0.019947594
-0.05393942
0.032088187
-0.001720464
0.032497894
-0.012322443
-0.004791573
0.011303364
-0.0026376147
0.019909753
-0.0508094
-0.0007918102
-0.025717847
-0.013760827
0.018398132
0.007945565
-0.010410837
0.037512936
0.03871166
0.009182072
-0.013214464
-0.014347114
-0.02609207
-0.04148839
0.07044745
-0.03297942
0.0019357757
-0.018191533
0.007908193
0.025166946
0.022994641
0.007910181
0.008829061
0.00076735974
-0.04146115
0.030213963
0.020810978
-0.032344062
0.014229878
-0.024194818
-0.028286623
-0.035878073
0.031499896
-0.033914924
0.05059916
-0.02222185
-0.015744004
0.022833912
0.0046402533
0.011060909
-0.021053903
-0.0054019685
0.07195363
-0.07437358
-0.010190168
-0.015150942
-0.010734653
-0.03783795
-0.013658399
-0.008269733
-0.022909118
-0.005997789
-0.0029144622
-0.062298726
0.0406329
0.0096221175
0.007736697
0.035650246
-0.011886029
-0.020504335
0.054163933
-0.044594903
0.026501937
-0.016425654
-0.026465401
-0.008715801
-0.0030985174
-0.013660165
0.0036177386
-0.015431667
0.033323348
-0.0072399387
0.026783893
-0.03787815
-0.009510092
0.015221761
0.014986732
-0.006735609
0.022656977
0.036000047
-0.04183662
-0.031527814
0.037585646
0.007877838
-0.010275016
-0.021497466
-0.030399477
-0.026336642
0.01393036
-0.05731985
0.06816241
0.0064554587
-0.0022273208
0.042055666
-0.0066896235
0.0043123686
0.0028608234
0.017930822
0.034383886
0.019043438
0.0026631106
0.0054618684
-0.00085875206
-0.05461132
-0.04434516
-0.0464864
0.00028003892
-0.0023063403
-0.029623289
0.0374693
-0.027244652
-0.013009196
0.029324118
0.03685357
-0.021271769
0.012817256
-0.06656702
0.0006788833
-0.004379099
0.065511934
-0.024286477
0.0030656538
0.01739673
-0.01844733
-0.0027935756
-0.020980855
0.001797054
-0.020098135
0.013595214
-0.035729233
-0.037829738
0.009045165
-0.01844697
-0.012590476
-0.062724344
-0.0064886883
0.036554348
-0.058605496
0.009902087
-0.0240434
-0.02575891
0.014851142
-0.08033187
-0.014366991
0.034826554
0.0034327705
-0.024043832
-0.024801241
0.006745068
0.020078367
0.030881593
0.04438009
0.04678204
-0.05267727
-0.029505027
-0.012202876
-0.0067424513
0.019817237
-0.003366979
0.03629833
0.042971756
-0.006256882
0.027363414
0.025693877
-0.03927461
0.024060372
0.017241232
-0.018779727
-0.046578597
0.011169107
-0.02310411
-0.016694672
-0.065303124
-0.074522786
-0.035943057
-0.044161607
0.030692104
-0.056777127
-0.0070033874
-0.015651658
-0.030545473
-0.00047703803
0.0431559
-0.020022012
-0.009836796
0.0017994583
0.0070276987
0.012182714
-0.0050526103
0.022808649
0.027021702
-0.017983286
-0.0055656424
-0.0012037914
-0.0061356933
-0.016530443
0.01853239
-0.004733764
-0.053469185
-0.006862657
-0.039188687
-0.029015915
0.040422425
0.003984572
-0.002215406
-0.016946392
-0.06740228
-0.008138331
-0.039252777
-0.046607662
0.008656826
-0.013635658
0.012145924
-0.00018942027
0.05483527
0.038444962
0.0029423358
0.015149736
-0.0009795377
0.009210581
0.0021238583
0.01666313
-0.021249877
-0.02475651
-0.018621588
-0.003711912
0.02399782
-0.010248748
-0.043913018
-0.04930552
0.0077792634
-0.0551983
-0.037387438
-0.033569284
-0.016128143
0.02174565
0.03126569
-0.01695649
-0.039854728
0.022418015
0.058717802
-0.07050663
0.029707592
0.021730019
-0.0018829317
0.03198616
-0.03420116
-0.013681255
0.031799696
0.026236633
0.009000071
0.014980271
0.0075072544
0.024157118
-0.050852828
-0.01471872
-0.020672524
0.057727877
0.0082818335
0.012200989
0.035423186
-0.0065037985
0.023767304
0.013255458
0.0144519145
0.019101424
0.010122117
0.0011583242
0.003298581
-0.0330629
0.048076946
0.0002235222
-0.043313935
0.039576612
0.03614086
0.013621173
-0.012228361
-0.030584829
0.039024487
-0.056734033
-0.0028726738
0.075562485
-0.013649694
0.026827207
-0.024908207
-0.011293312
-0.0038543956
-0.0028561156
0.024116853
0.0041441317
-0.026404982
0.026392577
0.013952805
-0.014549971
0.00012259987
0.0050697825
-0.08016388
0.014883837
0.023493899
-0.012249955
-0.057672247
0.02056429
0.006669533
0.027257508
-0.034592792
0.00019635355
0.038855094
-0.00093286147
0.03530234
0.0074807215
-0.0036369064
0.019026864
0.021866102
0.018834462
-0.0116733825
0.0003671866
-0.020540923
-0.0009513096
0.0040305983
-0.023950437
-0.031703427
-0.055769585
-0.001969656
0.046194892
-0.0020363503
0.023618411
-0.03819479
0.024235815
-0.002051091
-0.00082207576
0.038488194
0.004654438
-0.008030216
0.017233849
0.025332639
0.018202689
0.0138304
0.0089368345
-0.0576159
0.0097085
0.07397379
-0.002203535
0.010672814
0.018822595
-0.04544127
0.004387598
-0.030294841
-0.009582582
-0.019819934
0.031949673
0.046471696
0.06662472
0.014808388
-0.002918629
-0.045033958
0.053088263
-0.0062677013
-0.044375222
-0.013025337
0.0059313322
0.04777125
0.033251397
-0.023356702
-0.04745429
-0.028376054
0.018225092
-0.02416783
-0.03596852
-0.012406304
0.0044298945
0.05889637
0.018388176
0.033463553
-0.003464688
-0.06936289
0.022135682
0.006980966
0.026390681
-0.028076874
-0.031571314
0.027546559
-0.03386085
0.022141596
-0.0027055694
0.029989926
-0.009533495
-0.015467723
-3.608283e-06
-0.0047251177
0.011808959
-0.002247289
0.03463907
0.04689578
-0.009003029
0.042068373
0.018574802
-0.013122395
0.008984389
0.0016317806
-0.02485009
0.015393242
0.03121241
-0.021976845
0.001562031
0.017405609
-0.009738293
0.04325621
0.03596506
-0.0008624732
0.0245062
0.0047628228
0.014910233
-0.09279403
0.03906771
0.030436402
-0.031839225
-0.010601974
-0.014487534
-0.042305287
0.022873072
-0.05471156
0.0052506537
-0.031111421
-0.025679585
-0.018407175
-0.00016245655
0.06127364
0.014730646
0.022437442
-0.0032977837
-0.053423043
-0.019656101
0.03882825
0.034914855
-0.027426397
-0.0034539634
0.027583849
0.021076139
0.0213286
-0.02714543
-0.036241148
-0.039619967
0.0017618053
0.0018377758
0.01562732
-0.015163955
-0.011658299
0.019147273
-0.027929943
-0.024237733
0.024147896
-0.008547591
-0.0015595058
-0.017209018
0.017590862
0.014618454
0.052044585
0.04113989
0.012854296
0.010698143
-0.0013882681
0.01047775
-0.017989855
0.033891797
-0.016087832
0.026229026
0.04598583
-0.020628542
-0.0444971
-0.0130841015
0.00062459003
-0.018277647
0.028887508
0.03148767
0.032143243
0.025339175
0.060143877
-0.0011138195
-0.0100071
-0.0142770065
-0.030482074
-0.021756943
0.008548243
0.051135242
-0.024895476
-0.002537708
0.02102809
0.015075461
0.035596315
-0.04778736
0.005742929
-0.0075023444
0.07662456
-0.008653312
-0.022778533
-0.016798466
0.01685744
0.05468562
0.00736408
-0.013121902
0.04805652
-0.0019108645
-0.00035754804
-0.05207417
-0.014374769
0.021939896
-0.057538044
0.03409308
-0.0049072816
-0.033760734
-0.015297901
-0.03364129
-0.03170089
0.015910566
0.008591014
0.008883783
-0.01268492
0.031170523
0.0014965658
0.0005444977
-0.004895549
-0.027942669
0.031383153
-0.024858026
-0.010439155
0.03577977
0.0039509367
0.054431368
-0.005476655
0.0660639
0.049618773
-0.011470855
0.0024819146
-0.0044937567
-0.018828
0.022935957
0.05844593
0.00080007664
-0.029066399
-0.023166714
0.031134654
-0.03207996
-0.0041108616
-0.0049952394
0.023794115
-0.012822312
0.011219377
0.05302612
-0.0002966892
0.04306006
-0.00068522576
0.011153748
0.0025584355
-0.04947116
-0.04862858
-0.02023031
0.084985614
0.04651055
-0.0014478598
-0.010633954
0.012224738
0.0035208326
-0.05028056
-0.015345837
-0.009045545
0.057889547
0.039574716
0.0045485375
-0.04768308
-0.011798989
0.041010413
0.046204146
-0.020997372
-0.014755682
-0.032042176
-0.04192095
0.019438371
-0.031143786
0.025723891
0.029851742
0.013792684
0.02715321
-0.011339527
-0.0610695
-0.041866895
-0.025692591
-0.016376905
-0.026569465
-0.013937851
-0.0061602606
0.040337905
-0.011662951
-0.018868418
-0.0125040375
-0.025575165
0.028239086
-0.02399104
-0.023450466
0.03779919
-0.014837522
-0.010603396
-0.034877416
-0.03054272
0.02848366
-0.03239824
-0.03375262
-0.008178908
-0.0073245843
0.009820179
0.05580874
0.0031744891
-0.009147055
0.015926251
0.044765353
0.0026196314
0.034024816
0.009193005
-0.017212722
0.022046022
0.04866773
-0.035083212
0.01948991
-0.022941861
-0.013370172
-0.034105856
0.0049373605
0.05045577
0.04595435
-0.024165114
0.027449884
-0.015689533
-0.020661725
0.008775696
-0.018497948
-0.05657754
0.021672625
-0.028949983
0.01514308
0.0060703773
-0.0017483998
-0.0058341147
-0.015001189
-0.023158185
0.038198438
-0.021901924
-0.060328536
-0.0053636334
0.030515876
0.02352132
-0.036935575
-0.019958202
-0.019647751
-0.011770037
-0.026690137
0.030984355
-0.0037295565
-0.04519486
0.034509737
0.0026607655
-0.0054350593
-0.019272853
-0.014932578
-0.0119210165
-0.024575476
-0.026609719
-0.00040329402
-0.029066766
-0.00679307
0.016063573
-0.0057280827
-0.010472913
-0.03409581
0.017328363
-0.0030545609
-0.0444124
-0.0064174673
-0.030084848
-0.015754165
0.03317779
0.0067192037
0.0144794695
-0.034300175
-0.02597667
-0.010391378
0.013532001
0.029176839
-0.0047279517
-0.025512902
-0.05364838
0.013712748
0.03421009
-0.023829794
0.019844754
-0.012320535
-0.0039936183
-0.024660831
0.033400875
0.02510536
-0.023158064
-0.018415911
0.044055462
-0.017648356
0.009768751
-0.00662316
0.01339145
0.025544789
-0.032315042
-0.0029109549
-0.014594175
-0.03181318
0.0009178964
0.0643996
0.017526176
-0.0021710026
-0.01666438
-0.016675005
-0.003419929
-0.0505258
-0.019762304
0.03129588
0.03762887
0.016431635
0.008512459
0.06992012
0.0049186302
0.047045175
-0.005371548
-0.049467027
0.028858874
0.045855716
0.04123229
0.0017605162
-0.0030512987
-0.008681343
-0.0016489099
-0.0016002222
0.020196328
0.05139005
0.03513365
0.024308464
0.018611366
-0.022346111
0.03172313
-0.007481535
-0.019676615
0.013001488
-0.020785106
-0.00536831
0.009130048
0.0066985954
-0.05973738
-0.01957848
0.01826459
-0.020915352
0.011876514
0.004384157
-0.033059165
0.011622811
0.031608336
0.002991767
0.02825936
0.000858812
-0.0008851394
0.004188823
-0.011786695
-0.00026719243
-0.004069129
0.015926642
-0.022020373
-0.04570676
-0.025746739
-0.006008896
-0.0035714407
-0.039357696
0.06215521
-0.013371673
0.026471272
0.041675463
-0.02479347
-0.030607602
-0.033902764
-0.030520245
0.028334355
-0.029425973
-0.013561262
0.008364574
0.01640822
-0.012951154
0.024483649
-0.036058065
0.047458444
0.05241735
0.062063027
0.017101003
-0.028082572
-0.05855148
0.013395408
0.004473928
0.04799863
-0.012657537
-0.014005558
-0.00090819696
0.016589435
-0.0267208
-0.03262509
-0.022618404
0.025328478
-0.012537504
0.03476776
0.0036683378
0.025369883
0.01707117
0.035206236
-0.024453718
0.024495916
0.04094285
-0.0056464165
0.034510165
0.01462393
0.014310603
-0.023213869
-0.04139855
0.027548505
0.0048288605
-0.033694666
-0.003387526
-0.04176932
-0.022883039
-0.008532177
0.008389607
-0.00542393
-0.0016935768
0.004897718
0.0067936704
0.019368954
-0.03554721
-0.015745794
0.023356395
-0.019783948
0.03762805
-0.019355427
-0.011670059
-0.039657522
-0.06656445
-0.0064869123
0.08067767
0.026123002
0.037726406
0.041388422
-0.022033578
-0.016093677
0.059772372
-0.1113626
0.024971759
0.033577748
-0.02169177
0.072553806
-0.011855067
-0.0044776523
-0.022422709
-0.012595305
-0.03412721
-0.030391403
-0.03604358
-0.0070167086
0.021603929
0.001906028
-0.063453496
0.02097655
-0.025107583
-0.006985642
0.03362156
0.012946296
-0.025086468
-0.025366932
-0.030249905
-0.018638521
0.017805757
-0.011328915
-0.019716205
0.002360641
0.01429465
-0.0023171424
-0.0014466835
-0.021800147
0.049334873
0.007397725
-0.025683813
0.049795266
-0.056957733
-0.014253357
0.02126277
0.019841919
0.08299387
-0.056091957
-0.0144446865
0.0018088217
-0.008598414
0.0030550123
0.04117745
-0.039516393
-0.032172803
0.003348415
-0.020048061
0.014221664
-0.05767469
0.0276784
-0.0029667295
0.0061382796
0.0696788
0.0038399978
-0.015837137
-0.026684096
0.02133089
-0.019310635
0.002854198
0.012814049
0.017228752
0.039757192
-0.0010685222
0.02662995
-0.0066429144
-0.039408337
-0.0267338
0.0065094796
-0.01291204
-0.025506834
-0.024066193
0.041183896
0.019043136
0.019002568
-0.027610416
-0.020007359
0.02878895
0.018646793
0.042424742
-0.021419337
0.017260304
0.043421637
-0.06762823
0.0005851593
-0.0019580682
0.0071749366
0.04923954
0.04620331
-0.029163625
-0.05008783
0.05519409
-0.009062156
0.031314794
-0.017131561
0.027489591
-0.018738648
-0.053449295
-0.010151559
-0.030125776
-0.04356779
0.002907278
0.010365462
-0.015280693
0.04170498
0.009550736
0.052546784
0.034727022
0.0048343525
-0.008612141
0.090406016
-0.019812534
0.022007242
-0.03530129
0.012397093
-0.026632112
-0.011012506
0.039398093
-0.010951948
0.07822371
-0.0044702906
0.024301236
0.003518936
0.039171975
0.006884045
-0.045992266
0.02891021
-0.023467498
-0.02239326
0.004461559
0.011072736
0.0029837827
-0.040364847
0.06543549
-0.02901173
0.010576201
0.016834617
0.0011170546
-0.022898868
0.025495796
-0.024652857
-0.030795418
0.014310922
-0.041731704
-0.03311304
-0.006376811
0.0068528666
0.019132942
0.047353365
0.0019171363
-0.018376516
0.042957593
0.048528418
-0.028821206
-0.0070558814
-0.013563125
-0.00023766917
-0.05517295
0.015912274
-0.014391698
0.053431675
0.01494307
-0.020658335
0.0077511054
-0.04219625
-0.029161906
0.034820553
-0.032129433
-0.020236162
0.029542807
-0.038850702
0.061834056
-0.03459516
0.05675453
-0.0125712175
-0.020043775
-0.020578936
-0.007306801
0.027082236
0.00911702
0.034545265
-0.027034638
0.022292022
0.044845685
-0.04262277
0.044143327
0.005536947
-0.049806602
-0.035885543
-0.0071426327
0.034533158
0.011185265
-0.04600752
-0.025546717
0.024287716
0.0734928
-0.05592821
0.016257193
0.018401213
-0.012946457
0.051179174
0.007441192
0.031035643
-0.06439547
-0.08439684
0.028776584
0.027667845
-0.008046632
-0.008423054
0.013367917
0.004783479
-0.05682977
0.04329495
-0.004991506
0.003849082
-0.019130362
-0.009963538
0.031885356
0.017403549
0.037280194
-0.018860018
-0.031257793
-0.012081889
-0.016245551
-0.017591696
-0.011667608
0.018082198
0.043879937
0.05245118
0.015878435
0.013466234
0.003559234
0.013756322
0.0379174
0.012439065
-0.031945523
0.023705697
-0.009316335
0.04743791
-0.023945402
0.009387594
0.018052086
-0.010542468
-0.019362586
-0.037524484
0.0029163195
-0.0020900313
0.079507
-0.009916572
-0.017821671
0.00074867427
0.0039406456
-0.015695866
0.0077260314
-0.020925239
-0.05072928
-0.017932005
-0.026888687
0.016704822
-0.055056084
-0.02425234
0.048585095
0.05102484
0.015154356
-0.0114513
-0.026413834
0.028987063
0.00778098
0.0478267
0.043973986
0.03845789
-0.045069635
-0.06816022
-0.031446278
-0.013797373
0.023604706
-0.0019498642
0.02042729
0.012927812
0.0151846865
0.03950476
-0.010620173
0.003695029
0.015660608
0.03181325
-0.013719625
-0.033118546
0.017541643
0.039995614
-0.0134746665
0.022335185
-0.010684354
-0.010516565
-0.009361647
-0.009899018
-0.059887126
0.01534695
-0.016605722
-0.009622765
0.04405759
-0.0031232163
0.017071635
0.0015936359
0.03722226
0.022464208
0.047679614
-0.00045131549
-0.030723585
0.037984617
0.0065363757
0.015392838
-0.03500574
0.017870542
-0.0047214967
0.024185156
-0.010507652
0.02526608
0.013003017
0.03566662
0.05592039
0.0022207429
0.050078787
-0.045271873
0.014567835
0.012704678
0.002370262
-0.03756584
-0.006608089
-0.05581404
0.05384685
0.020280773
0.05097024
-0.0222724
0.012188608
-0.0208899
-0.011064719
0.004279584
0.08986193
0.06860448
-0.039656565
-0.033311773
-0.0054081003
-0.0022204814
-0.008939757
0.009422577
-0.030079475
0.008468103
-0.0013414883
0.022778437
-0.0031752456
-0.053181108
-0.032696333
0.026449148
-0.009554747
-0.0029971371
-0.026249733
0.020403864
-0.021722255
-0.07574098
0.006090894
0.015078068
0.019479098
-0.010063523
-0.040163573
0.03296445
0.01612724
-0.0009990182
-0.033297416
0.048492275
-0.022868123
0.003994291
0.0035673303
0.032086384
-0.010546566
0.027126066
0.053739257
0.008376555
-0.030795628
0.00886461
-0.0015207863
0.06524043
0.030953523
0.026484834
-0.0128060365
-0.0313031
-0.007036375
0.015602385
-0.0549907
0.0018574477
0.017051466
0.054440327
0.027385354
-0.005142728
0.009243994
0.047778524
-0.03473155
0.012348202
-0.009564763
-0.028201079
0.02456432
-0.012523826
-0.008721611
-0.055435386
0.015956532
0.018820977
0.008774576
0.030256242
0.011077993
-0.014487269
0.035448864
-0.006420043
0.001765354
0.045805607
0.0029423668
-0.049979962
0.0073652663
0.0008441926
-0.01118483
0.03114329
-0.034656692
-0.010054913
0.061510514
0.02897456
-0.039068464
-0.017389275
0.002022344
-0.013000702
0.024560887
0.03584801
-0.009138597
-0.0020007184
0.05005934
0.0050469427
-0.015061835
0.0161164
0.030417772
-0.022747211
0.00030108506
-0.0019874207
-0.020896522
0.028197097
0.0149649745
-0.008069058
0.012255241
0.00022551946
-0.061927676
-0.0333708
0.05684482
-0.010519232
0.06535188
0.028709404
-0.0053033764
-0.0042079734
0.018483426
-0.057491627
-0.029683553
-0.00669999
0.022244116
-0.029285634
-0.0041691065
0.0034052208
-0.0018886079
0.027276099
0.0012654066
-0.011685522
-0.00416277
-0.021385541
-0.05105168
0.024065848
0.07458808
-0.0062597618
0.0019782176
-0.031825706
0.024199879
-0.026691182
0.02938268
0.0089294445
0.0018176464
0.011297554
0.0033043171
-0.035867106
-0.013296815
0.00018808123
0.061698914
0.015022094
0.016269164
0.0022801845
0.060869195
0.04260818
0.035218865
0.03218879
0.0054128137
0.037033886
-0.056155086
-0.040732525
0.025373869
-0.035421025
0.01788384
-0.008056436
0.038913388
0.007920978
-0.010292423
0.04532296
-0.0099501135
-0.06428891
-0.015714774
-0.0009956339
0.037611652
-0.0065394044
-0.04014505
0.0013143755
0.044636317
-0.064774744
-0.022485072
-0.005171712
0.022392962
0.0068945577
0.0010030982
0.011679797
0.0075549395
-0.02327517
-0.002223142
-0.024649004
0.00013472789
0.018151432
-0.035603993
0.0055243736
-0.031156583
-0.0024744018
-0.012827184
-0.049796935
-0.008556818
-0.04291932
0.0032039345
-0.00047092844
0.061517313
0.011073936
0.026455168
0.058901325
0.02867974
0.03024735
-0.00016223728
-0.029272111
0.018372701
0.037312195
-0.03804108
0.013382979
-0.04406082
0.01828345
0.03197046
-0.028203413
0.021095417
-0.058119603
0.041116305
0.0010087637
-0.0012485008
-0.051780146
0.04015258
-0.004962694
0.0057040164
0.061970923
0.027147412
0.012311534
-0.03214162
-0.036755815
0.043748207
0.008635481
-0.06698474
0.015349532
0.04078698
-0.023016602
-0.013924001
0.033270307
0.037670683
0.0063523105
-0.0020779704
0.07499077
-0.049722377
0.01072607
0.038506415
-0.0036949078
0.011106247
0.0228781
0.0018580627
0.002117465
-0.015144876
-0.024156341
-0.01682021
-0.01863382
0.022881104
0.030645637
0.009159263
-0.0065967166
-0.010127631
-0.07381222
-0.014524789
-0.043182015
0.03514631
0.031457525
0.014538115
0.017464621
0.034120835
-0.035427887
0.0009927455
0.05057754
-0.009301817
0.023160461
0.006829387
-0.012437281
-0.0016301201
0.007854074
-0.023822712
0.024204988
-0.018276418
0.012252293
-0.010525097
0.025757307
0.021537751
0.00959342
-0.032633178
0.013342898
-0.0201997
0.0229353
0.0026054701
-0.0064240876
0.018449131
0.0020011894
0.012885072
-0.04194008
0.0754163
-0.044754554
-0.045084294
-0.01575132
-0.013731831
-0.010618013
0.035619892
-0.034342866
0.02845469
0.0046876483
-0.023403268
-0.044111524
0.018798249
-0.025872122
0.0026503964
-0.004318946
0.01182341
-0.03241071
-0.010290715
0.010656413
0.034121465
0.008484634
-0.017197665
0.031216897
-0.03425493
-0.045059547
-0.051037606
-0.033903748
-0.020029493
-0.07494425
0.0057112644
-0.009024518
0.03044332
-0.015934786
-0.022777673
-0.0018452549
-0.032741714
-0.02349373
0.02264658
0.01568626
0.021359958
-0.00053899834
-0.06233854
0.0009519347
0.012075931
0.02103784
-0.03260338
-0.015601022
-0.042239204
0.014979482
0.010440475
-0.019091139
0.052112535
0.012127453
-0.0066680126
0.045705665
0.004489499
-0.039226044
-0.004545259
-0.036142185
-0.029717159
0.0028405352
0.0006615194
-0.0048922114
0.011300418
0.0068746977
-0.015678218
-0.0022993044
-0.036589492
-0.0032004137
-0.028617447
0.011206976
0.014723401
0.018678969
-0.018427169
-0.025468355
-0.022318494
0.039959595
0.008084891
0.06494929
-0.029444076
0.026553044
0.0025766096
-0.066498965
0.0038617228
-0.030029047
-0.031975497
-0.048861664
0.015998825
0.03399667
0.020921607
0.04630911
0.016556844
-0.009639729
0.022439344
-0.009738287
-0.03455705
0.009371439
0.05479952
0.014814718
0.0022914757
0.026690217
-0.032766532
0.050657418
-0.03583124
0.008827837
-0.017491756
-0.0068535446
0.024585485
0.06262733
-0.0044703702
0.0059471643
0.010430416
0.0055432837
0.0007212283
-0.019815234
-0.021893568
0.049320996
-0.039004806
-0.04287819
0.07334709
-0.0066371304
-0.00358082
0.03349299
-0.041363593
-0.05708471
-0.028432317
0.013494072
-0.0015899262
-0.039502986
0.013056581
0.03428863
-0.024551978
0.0061569116
0.011692332
0.019294044
0.031443782
0.015302308
-9.0013e-05
0.014500897
0.017290024
0.022915665
0.013493892
-0.011022552
0.042489193
0.03750108
-0.009668889
-0.082381554
-0.02409862
0.050724868
0.015713142
-0.032128822
0.032274675
0.03263604
0.06333275
-0.010681901
0.009153694
0.021123055
0.053199697
-0.02033846
0.03079296
0.05376364
0.0097809015
0.0006740419
0.004197018
0.017262332
-0.01416854
0.038895443
-0.012708182
0.007917802
0.024249716
-0.04812158
0.031119399
-0.07710745
-0.0019370762
0.026369177
-0.031614374
-0.003921061
-0.0028547575
0.036344327
0.039791875
0.023361146
-0.022329116
0.07407067
-0.0010810082
0.028800925
-0.0029324754
-0.012004194
-0.015457136
0.049093638
0.041829087
0.0022606472
0.0140721
0.012775361
-0.022986088
-0.037309594
0.021932658
-0.04112514
0.041766286
-0.011083013
-0.0013220187
-0.003028834
0.010180145
0.010051766
0.00013169044
-0.038293604
0.023989176
0.03249441
-0.011468071
-0.007969757
-0.010087109
-0.02320848
0.07199717
-0.064185575
0.018685544
-0.040312167
0.0424119
-0.037687045
-0.05127688
0.028520772
-0.06123923
0.040722173
-0.040304594
0.00611449
0.006234029
0.004478551
0.018668938
-0.025202079
-0.031233467
-0.0494
0.0068480154
-0.022432437
-0.030508095
-0.08538387
-0.0014876524
0.022577941
0.031860963
-0.05568064
-0.006331146
0.000868799
-0.019564122
0.011561624
0.035525467
0.034893997
-0.029459419
0.00060055306
0.06075138
0.010144668
-0.024989313
-0.011461417
0.09149336
-0.055527728
0.0070233466
0.035985246
-0.069257334
-0.0074951067
-0.009089949
-0.012295062
-0.025217412
-0.025392875
-0.028678669
0.01061099
0.05081855
-0.009617437
0.032468945
0.018790202
-0.028780434
-0.03631671
0.01978578
0.007992595
0.014252327
-0.037090626
0.045394003
0.04619242
0.013610862
-0.0043669743
0.052383963
-0.019758102
-0.03370714
-0.02946026
-0.012624972
-0.020825367
-0.011114722
0.09655703
-0.007825363
-0.022803923
-0.022781806
0.020403448
0.012644453
0.00877907
-0.037862163
-0.017573874
0.01361194
0.023925152
0.025394296
0.011833523
-0.012436297
0.01610938
-0.015520042
-0.049464487
-0.006018497
-0.03963069
-0.030560706
0.0122085735
-0.03618133
-0.017112376
0.0141940145
-0.006553714
0.00013636044
-0.016462436
0.038255487
0.010971739
0.0068686153
-0.002929975
-0.016100407
-0.023456462
-0.025417736
-0.011463201
-0.032014653
0.028625257
0.04944353
0.02790734
-0.0068058297
0.03854412
0.014752319
-0.070719175
0.024364153
-0.025138509
0.02767704
0.009586101
0.07859195
-0.028680008
0.008121018
-0.043632656
-0.027638301
0.03572483
-0.0015886558
-0.02385377
-0.029965606
0.0015079059
-0.025626589
0.033281863
0.015125303
-0.10907721
-0.022572177
-0.020261955
-0.045835983
-0.031237172
-0.05014447
-0.028706986
-0.023800446
0.015261892
0.022599012
-0.023005676
-0.009994777
-0.03982999
-0.012827132
0.010162685
-0.03410733
-0.033863824
0.025402494
0.0012753038
0.022524841
0.0040244167
0.025986122
-0.0072973506
-0.07311456
0.0065956526
-0.028957272
-0.04618845
0.043877818
0.0342931
0.035591803
0.041230336
0.06525581
0.008714526
0.03826478
0.0147539945
0.014248245
0.064594865
-0.043417417
0.06717881
-0.030830834
0.036433537
0.055381637
0.029772077
0.026742974
-0.043128174
0.03203268
0.0012864834
0.02098793
-0.015752155
-0.034643788
-0.005484991
0.001919431
0.006445447
0.004695119
0.03126425
-0.028180268
0.07951061
0.049551427
-0.034063336
-0.008654294
-0.016870607
0.006014242
0.033046827
0.02762253
0.018895997
0.018343544
0.01598093
0.018968184
0.021029511
0.021358501
0.020289792
-0.07550258
0.021806175
0.036206983
0.0042561456
0.03772555
0.007305022
0.03484209
-0.021316519
0.0033802136
-0.061094478
0.053494193
-0.02873717
0.029517245
0.004939264
0.012581199
-0.020532718
-0.024705464
0.0026194844
0.040537465
0.016564421
-0.036444973
0.027917113
0.019406835
0.06627663
-0.007307915
-0.015704155
-0.027563766
0.010758813
0.050876133
-0.015058333
-0.015525781
0.020172747
-0.025588045
0.02945152
0.03184276
-0.038546417
-0.019293329
-0.0026120495
-0.0043296632
0.025263974
0.024271863
0.018794464
-0.026358383
0.025944522
0.0023003474
0.04842672
0.028275672
0.008346373
0.009056791
-0.03870714
0.01538292
0.022950176
0.066197336
0.0057925098
0.010192971
-0.03361727
-0.035491575
0.020581214
-0.007906569
0.014228673
0.006843941
0.014234668
0.027536182
0.103985816
0.024636254
-0.03811141
0.01067086
0.016343093
-0.0034845604
0.004799928
0.05305301
0.030547129
0.017693033
-0.024303526
0.03026737
0.01907189
0.07304174
-0.015297529
-0.033190224
-0.050896067
0.022063643
0.01888045
0.017749086
-0.015490499
-0.015078161
-0.005237983
0.027958486
0.0026579003
-0.0045788363
-0.04478011
0.028821522
0.03717042
-0.057593413
-0.029866593
-0.012343397
-0.02419834
0.013490383
-0.015128682
-0.020799529
-0.0011114903
-0.036048662
-0.02759999
0.0137275215
-0.033264156
-0.018306486
-0.012413962
0.067465946
-0.01203953
0.0063681933
0.012060312
-0.006403412
0.018765712
-0.013120892
0.009452927
-0.06832175
-0.02519741
-0.008198118
-0.013457083
-0.014896908
0.00011781711
0.014297772
-0.028750326
0.02150415
0.016591396
0.014334691
0.005077759
-0.02854222
-0.043249056
-0.0017349004
0.015515329
0.004784483
0.00041453872
-0.009963619
0.06598356
0.0012043656
0.0034140022
-0.011943472
-0.00030845022
-0.01116945
0.034015916
0.042108078
-0.0008547324
-0.0065261344
-0.0064370045
0.030666435
0.0015757416
-0.041705407
0.0092979865
-0.064233206
0.031062616
0.033282228
0.011167478
-0.0044550574
0.049191523
-0.04245721
0.0049959193
-0.0222
-0.030777998
0.003407845
-0.015374652
-0.02163741
0.0060484237
-0.038768135
0.0023318464
-0.016023347
0.02812257
-0.010639817
-0.08029091
-0.012097082
0.015127078
-0.00651116
-0.0116078025
0.005254465
-0.026232626
-0.0084213605
0.052514695
0.0064719645
0.000763788
0.0031912716
-0.028081868
-0.032678295
0.0055654696
-0.024030974
-0.031035412
0.001004423
0.0093791615
0.04329619
0.035296716
0.010365966
0.010661352
-0.0061914087
0.008942238
-0.023775633
0.0050670854
0.0062598605
-0.03695949
-0.03401443
-0.033714835
-0.015030932
0.039301448
0.006474712
0.018212412
0.033508737
-0.022795755
9.812902e-05
-0.06831965
0.0437057
0.0038443182
0.01829412
0.011789478
0.046713244
0.03483309
0.017450629
-0.019601325
-0.0144774765
0.02796733
-0.020667186
-0.018495454
0.019681932
0.051319163
0.017486446
0.013744866
0.036637656
0.0027270555
0.034670603
-0.041043866
-0.0018585434
0.03454713
-0.029187465
-0.0024511218
0.052315425
0.054530784
0.022319928
-0.053211357
-0.0026727468
-0.031433582
0.02364936
-0.028979708
0.014201123
-0.0059468024
-0.018734783
0.031758826
0.019259918
0.015908442
-0.049339645
-0.0255721
-0.07492691
0.017096588
0.027259706
0.047106538
0.019370958
-0.009392374
0.02715958
-0.03177031
0.009159117
0.0058348607
0.029531468
0.0058185635
-0.05617991
-0.061643947
-0.031769443
-0.042960454
0.016302366
-0.0081034945
0.038143802
0.03149504
-0.03444685
-0.009984574
-0.027894333
0.041071095
0.009871115
-0.014273614
0.040886804
-0.0658649
0.015712468
-0.008983732
-0.038277123
-0.006256532
-0.000117770855
0.0071993917
0.03296151
0.021763515
0.0039718905
0.0074536176
-0.031084325
-0.0026680033
-0.067367785
0.007890415
-0.009937072
-0.005559252
-0.0038286357
0.041029077
-0.016910288
0.02226538
-0.0039221253
-0.014236928
-0.0031034085
-0.009254843
-0.0010022303
-0.030916184
0.021122633
-0.015647799
-0.007799332
0.025329832
-0.0052685933
-0.025861192
-0.021518394
0.03562025
0.026905015
0.00015455646
0.033464313
-0.031069163
0.0029005941
0.008366215
0.007858235
0.019159166
-0.010235721
-0.03776148
0.049072284
-0.0055453065
0.007174266
-0.011219081
-0.018694224
0.0338929
0.023195231
0.010022973
-0.067256734
0.029737419
0.027050318
-0.00088607613
-0.014838286
0.05868775
0.025812386
0.0038024469
-0.017522812
-0.022736337
-0.042218
0.03223949
-0.015404607
0.05798593
0.0077232346
0.003551074
0.023201061
-0.061001606
-0.0018709139
0.010913581
-0.017876927
-0.04422325
-0.036708117
0.050194122
0.028121654
0.00070267083
-0.0077700634
0.018827127
0.0030152837
0.017458472
-0.045089953
0.042486694
-0.007996655
-0.0049842694
-0.061968282
-0.0018204077
0.004809061
-0.016112225
0.016600689
-0.032898396
0.018363968
0.022880325
-0.04389862
0.074747756
-0.020146014
-0.028171599
0.0053734514
0.026507933
0.012060248
-0.05302278
-0.032048117
0.0054818094
0.020047655
-0.012000509
-0.0190554
4.9761624e-05
0.0057002725
0.008062273
-0.036700275
0.0106043685
-0.0017541096
0.030510932
0.06065296
-0.06663857
0.034574844
0.021785295
0.034757607
-0.028890405
0.013517023
0.0367494
-0.022532115
-0.01956
0.037461806
0.016570458
-0.019814143
-0.012976817
-0.030075056
-0.0010782314
6.648302e-05
-0.029233593
0.06955575
-0.038063917
0.017764121
-0.048957076
-0.032267768
0.02402073
0.004244467
-0.00089967187
-0.074500196
0.01213508
0.04497692
-0.042138807
0.031273704
0.012018794
-0.0014813604
-0.03575547
0.0024079513
-0.03380663
0.010102754
-0.00058365235
0.028656883
0.0094190715
-0.009963133
-0.0028909151
-0.00907072
0.029716281
-0.013480015
-0.020096382
0.03729354
0.0021591147
-0.042596526
0.010559693
0.012050227
0.012071657
0.0017279091
-0.024122883
-0.051921695
0.0069615706
-0.06936313
-0.012332393
0.022504147
-0.018313374
0.009714425
0.0399208
-0.042276226
-0.051946796
-0.028762639
0.018212032
-0.030370899
0.011347951
0.06765639
0.01902451
0.00061805104
0.02935848
0.037873432
-0.036545236
0.042226803
-0.00050407165
-0.020092903
0.007276215
0.0023202486
0.03285693
-0.051394504
-0.0006731373
0.01059851
0.0020370872
-0.062936805
-0.10129713
0.0011192473
-0.008484085
0.044519186
-0.044691626
0.0077361064
0.008716067
0.0037411507
0.03182883
0.014333243
0.056361586
-0.017457101
0.02795855
-0.006832718
0.006837361
-0.0070204693
-0.011868724
-0.047120858
0.024522118
0.07457481
0.07357579
0.05429071
0.03245671
0.05498486
0.03520029
0.02932449
0.032746408
-0.0007921879
0.062992945
0.012763408
0.037844345
0.013709566
0.007437622
0.0074442555
-0.015928647
0.032007296
0.00276699
-0.006001011
-0.01628115
-0.04575641
-0.036295325
-0.025590891
0.0042555616
-0.048051883
-0.03300567
0.058101382
0.031978782
0.02430743
-0.002558137
-0.024458319
0.042066425
0.04537979
0.025061352
0.035374098
-0.012895152
0.03227092
0.027383288
-0.020910412
0.0067247036
-0.008734564
-0.06517587
-0.02022783
0.01702041
-0.00015556798
-0.007581255
0.026742732
-0.013269764
0.009981484
0.0216347
-0.013083448
-0.005032577
-0.019445654
-0.008952072
0.0420108
0.027236093
0.0023616904
-0.024600586
-0.030306462
0.008068047
0.0664837
-0.018515704
0.010207994
-0.004893657
-0.015597356
0.021424355
0.03061446
0.020709485
0.022847943
0.025941042
-0.055323724
-0.04147498
0.028397176
-0.0053108386
-0.020452764
0.021319507
-0.0189136
-0.04302808
0.0055739544
-0.025264557
-0.021820486
0.02824694
0.01170329
0.008747213
0.030271268
-0.05186254
0.016653137
0.02905497
0.0036204783
0.022271557
0.027136115
-0.013995475
-0.037247453
-0.017599829
0.038663764
0.010632388
-0.017080609
-0.03596176
-0.026255473
0.039574288
0.056370962
0.035942487
0.021542303
-0.00065800926
-0.015054403
0.00066868786
0.03290322
0.012812638
-0.021291504
0.04613675
-0.009134153
0.012455591
0.016015535
0.011524342
-0.068996266
0.0137092825
-0.016994474
-0.017988922
-0.007090976
0.03369222
0.01654234
-0.009212259
-0.013348103
0.010480023
-0.016871225
0.06289856
0.0009566298
0.02976207
-0.014037843
-0.013979195
0.035142437
-0.062091585
-0.06606172
-0.018097114
0.0047898586
0.00012105738
-0.0272822
-0.020385869
-0.014650266
-0.01817836
0.021369668
-0.009326633
-0.006918792
0.00022434394
-0.08726459
-0.025036694
-0.0507762
-0.013512911
0.01817745
-0.005654608
0.01797974
0.051101457
-0.022813298
-0.005558313
-0.01747389
0.0025636011
-0.013499413
0.02194804
0.0015692585
0.011654409
-0.0014582812
0.010846402
0.003954549
-0.05106375
-0.02054909
-0.06907929
0.014949914
-0.012311615
0.030311216
-0.019838374
0.060223375
0.0059502725
-0.055601913
-0.006290219
-0.002867062
-0.0197814
0.003939575
-0.028240563
0.024106111
0.0037173552
0.043454073
0.025389057
-0.0024645415
0.00861619
0.01739789
-0.022018015
0.018848905
0.06740181
-0.022776656
0.008965867
0.016662858
-0.019651297
-0.01434615
0.017289037
-0.024480473
0.07097897
-0.012950039
0.013710347
0.013353347
0.008702308
-0.025793267
0.008861751
0.012215912
0.01499687
-0.048728805
-0.017251173
-0.03636055
0.003977208
0.025958901
0.004686901
0.0024095343
-0.020981705
-0.041745674
0.046579756
0.09975967
0.035565343
-0.029187711
-0.037867397
0.018612154
-0.08213132
-0.037434936
-0.048200335
-0.0030121175
0.047924563
-0.01667079
0.004755758
0.021597737
-0.057270363
-0.013552409
0.03957174
-0.036116403
-0.0028197884
-0.029117009
-0.029120434
-0.025600644
0.01880759
0.0001699854
0.0038557472
-0.029400947
-0.02648984
0.0217682
-0.023934556
-0.016653452
-0.024634643
-0.049414285
-0.03790202
-0.032528494
0.023007885
-0.021232078
0.008143592
-0.012724191
0.02046908
-0.020227829
-0.035634607
-0.0017135192
0.0005609148
-0.016633907
0.019045513
0.0055651413
-0.0051855496
-0.026079306
0.0031032327
0.043296747
-0.001121525
-0.02657647
0.005297013
-0.03997829
0.011020527
-0.07280413
-0.01580245
0.028925203
-0.045773823
0.0017995735
0.015843544
0.018481012
-0.0021241677
0.014855751
0.03495368
0.008944629
0.010532347
-0.008177851
0.012936642
0.039179318
-0.024902053
0.02919741
0.054330654
0.016896697
0.075528644
0.021826832
0.009054591
0.0067421333
-0.018138506
-0.0096288435
-0.050870318
-0.034583867
-0.03852907
0.012262119
-0.05826605
-0.03929421
0.031204088
-0.0031282706
-0.01395412
-0.00315893
-0.020938737
0.00026121977
-0.037082583
0.0035907947
-0.042643096
0.007924956
0.039649885
-0.019755866
0.0036990796
-0.025966933
0.021945074
0.010010537
0.004370585
0.054562625
0.0231952
-0.0039381515
-0.050787043
-0.0018873004
0.05633658
-0.010786098
0.010726164
-0.00899651
0.0041917926
0.009432711
0.03571474
-0.001926893
0.022389965
0.011223883
-0.04819697
0.056647267
0.018928561
0.0069413814
0.03315852
-0.010638657
-0.030492937
0.010130301
0.014091569
0.08287741
0.03752025
0.013921938
0.016739115
-0.03062322
0.031261973
0.0010621552
0.026832882
0.005268609
-0.013921071
0.0012307905
-0.040595733
-0.0416627
-0.030768225
-0.022680111
-0.023757407
-0.010963639
-0.020414583
0.038143687
0.032196186
-0.030875674
-0.043232337
0.030590538
0.012432846
0.034184825
-0.04680761
-0.026023801
-0.0065729544
-0.01170853
-0.068129465
0.009323783
-0.0025491924
0.033439916
-0.009374082
-0.04062094
0.014871111
0.047806576
0.01648211
0.09592616
0.02645792
-0.0010491944
0.03194234
0.040437583
0.049677912
-0.00416941
0.074759744
-0.026893621
0.018381583
0.004625535
-0.031079946
-0.05339475
-0.013099918
0.002680915
0.020885529
-0.004641011
-0.012127288
0.011021829
0.026628407
-0.0072531207
0.0119286375
-0.005338284
-0.007211067
-0.005587501
0.0328983
-0.005289199
-0.027804125
-0.02476178
-0.04390612
-0.015645284
0.018790238
0.035110015
-0.003722361
-0.009686478
0.024135176
0.002859062
0.0037179731
0.005220899
-0.025942812
0.021536589
-0.008963694
-0.0011429772
0.009584337
0.02414452
-0.033604346
-0.024911506
0.0408419
0.025580198
-0.0012563502
0.09193253
0.036262725
0.011390607
0.020971939
-0.040107083
-0.014283486
0.035735402
-0.00047360203
0.0006631442
-0.029587375
-0.026200015
-0.06963241
0.009182082
-0.012710944
0.011269785
-0.019604808
0.033889566
-0.033980563
-0.042879574
-0.043275893
-0.029381335
-0.027282776
-0.034074016
0.023997944
-0.015860409
-0.0035709434
-0.0390761
0.01797097
-0.027304959
0.008459593
0.012281097
-0.0019916228
-0.010573434
0.00015610148
0.002880726
-0.004178875
0.0046774703
-0.011734828
-0.011535252
-0.018977046
0.016006887
-0.008412177
-0.07581921
-0.013349675
-0.010898142
0.06635935
0.028183537
-0.04964895
-0.013864911
-0.04505313
0.0282779
0.04417461
0.058611244
0.013224673
-0.014912616
0.026238212
0.00631553
-0.028391222
0.0015543245
0.012893878
0.0520848
0.007507846
-0.015169592
-0.051127717
-0.021414787
0.03665975
0.0050912662
-0.03512243
-0.031304132
0.031758286
-0.047861096
0.0006314616
0.016294595
0.0177508
0.019178549
-0.06812596
0.0372132
-0.034385163
0.00981582
0.0122291865
-0.019259475
-0.0006232294
0.08135016
-0.010929708
0.014695228
-0.0003018434
0.05616227
-0.023423743
-0.06351758
-0.0804393
-0.04893979
0.03860496
-0.06495523
0.030873343
-0.03459472
0.016091518
0.0024457704
0.0042450954
-0.04128905
-0.020960586
0.001978706
0.0025909252
-0.0017044557
-0.019951971
0.03849125
0.03715473
-0.019580849
-0.018396161
-0.0036001622
0.026763178
0.0032656202
-0.015865747
-0.011454298
-0.034072705
0.027913876
-0.041764338
-0.033307035
0.029004505
0.0022204302
0.011002246
0.020043032
0.0006315296
-0.041419532
0.0079674665
0.00019263239
6.418597e-05
0.0030599486
-0.033647176
-0.009764157
-0.04306724
0.007475966
0.050879333
0.04007571
-0.04189416
-0.045755677
-0.027587343
-0.01254144
0.024036214
-0.0006402989
-0.00890468
-0.0046853586
-0.04038239
-0.041927885
0.00024390468
0.016603531
-0.027651396
0.02370661
-0.02220744
-0.017597696
-0.038699146
-0.05062106
0.00096922007
0.002795133
0.032860775
0.04502999
0.035462
-0.028957652
-0.022005958
0.009912704
0.004196195
-0.00816456
-0.019182444
-0.019509777
0.0065887943
0.025332814
-0.03237123
-0.045026544
0.058878276
-0.04062758
-0.046230134
0.012157757
-0.042862535
0.026994046
-0.065054186
-0.021175902
-0.029625341
0.014363576
0.0062977006
-0.018812332
0.031429186
0.054445785
-0.04533919
-0.01854836
-0.005759716
0.021580203
-0.050048374
0.0052016843
0.019451218
-0.020604296
-0.05239962
-0.012843225
0.029390223
-0.01616699
0.02648841
-0.07398793
0.015072718
0.017926566
0.03020525
-0.012995241
-0.028947359
-0.03673313
0.069572166
-0.017481826
-0.014538441
0.026575575
-0.023745442
0.04461655
0.012819754
0.027137669
-0.101447806
0.060085185
0.008669713
0.013902601
0.0132173
0.0023109543
-0.027218038
0.009122117
0.0010209602
-0.018691624
-0.037540082
-0.0288052
0.011943512
-0.041117407
-0.00049963617
-0.041176718
-0.0074139643
0.008508693
0.021140298
-0.010281538
0.014126118
0.054789823
0.022251321
0.030665165
-0.040021226
0.026931083
0.011683131
0.047010843
-0.039419398
-0.007663524
-0.046421554
0.012422577
-0.0024813153
-0.026386745
-0.019082975
0.019296197
0.004589375
-0.0007348258
0.025253652
-0.017233465
-0.016773684
-0.019363953
-0.0155716855
0.029918503
-0.017212229
-0.0022652016
-0.014051009
0.0056850906
0.046961408
0.03395787
-0.009184052
-0.045853805
0.05887578
0.02020974
-0.007491952
-0.019849386
0.021172369
-0.025838435
0.035762854
-0.010123988
0.048669163
0.021053948
-0.014934511
0.044461887
0.0071381107
-0.04422245
-0.006512106
0.015820844
-0.021559373
-0.0028894043
-0.02416301
0.010660078
0.0025983397
0.02989833
0.04734011
-0.045000765
0.0031219937
0.017382668
0.03636362
0.019453252
0.021211406
-0.011569348
0.029301394
0.0137556
0.03567586
0.026381664
-0.025714274
-0.0054286597
0.006216125
0.04618755
-0.013812497
0.003389563
-0.008748099
-0.0039619673
0.024487143
-0.012477512
0.038293395
-0.0029744625
0.019027334
-0.011243532
-0.017189011
0.01867179
-0.030976985
-0.007069913
0.0004552984
0.01144054
0.014285515
0.02638506
-0.0055807666
-0.005193955
-0.04152608
-0.016416207
0.0073021865
0.00342034
-0.019447355
0.032484062
-0.016645387
0.029803673
-0.011963665
0.010762526
0.033715203
-0.0023531006
-0.021784315
-0.01725311
-0.04270043
-0.017796647
0.02441673
0.016668536
0.03555806
0.030936548
0.032372043
0.010394119
-0.055104308
-0.039456826
-0.021192173
0.030693132
-0.018651785
-0.0062085865
-0.0045308988
0.025926294
-0.002965154
-0.048350573
-0.061172094
-0.03446576
0.023362683
0.031668562
0.06709372
0.028313555
-0.011224841
-0.033742346
-0.09590619
0.007995909
-0.01616466
-0.0043470883
-0.003257615
-0.007988715
0.056993853
0.03301832
-0.018743282
-0.024998635
0.019962545
-0.02748706
0.04692504
0.05328939
0.015783599
-0.028378319
0.040460046
-0.013940188
0.016966939
0.009017503
-0.042875886
0.03943364
0.03139119
-0.011190066
0.0015084702
0.0006143414
-0.03236502
0.02227169
0.004384538
0.038176734
-0.003488093
-0.008659489
0.014367847
-0.0035231316
0.005981669
-0.00931035
0.03056294
-0.00509312
-0.022759529
0.02155508
-0.012046978
-0.033556726
0.05414175
-0.025549615
-0.032303784
0.02024455
0.0030565544
0.016029162
0.03241548
-0.007019362
-0.040080473
-0.02896345
0.0003149123
-0.025855629
-0.03826422
-0.01040674
0.015141394
-0.058373887
0.04125199
-0.02665139
-0.024357537
0.007902454
-0.0037064312
0.06852492
-0.010682485
-0.023501897
-0.020529287
0.01698328
0.008602413
0.026242156
-0.021779392
-0.018485665
-0.034698512
-0.022139028
-0.049124613
0.030843677
0.02977243
0.011913443
-0.00963874
0.03130126
-0.013842036
0.004045511
0.055891912
0.035259023
-0.024669003
0.014354473
0.0075866967
-0.0111112185
0.043299735
-0.04753339
0.04361346
0.035266124
0.013995226
0.0002701991
-0.019016307
0.030999102
-0.020136401
0.024127191
0.017222792
-0.011207293
-0.046965253
0.0039020926
-0.042004447
-0.04399793
0.010699123
0.05496775
-0.0035129911
0.0011601232
0.0029096338
-0.009137902
-0.02571713
0.005029048
-0.00444409
-0.016007634
-0.020572111
-0.0018573009
0.002145726
-0.01190175
-0.05704287
0.04595588
-0.01726084
0.030354114
0.016016334
0.0040934077
0.056010928
-0.039017297
-0.005109426
-0.05889088
-0.017819684
0.00089375715
-0.019960318
-0.016293403
0.04395744
-0.05303411
-0.0007089288
0.03981629
0.004905505
-0.013580162
-0.006162528
0.049279675
-0.004866477
0.012237979
0.014526004
0.005693855
-0.0024153076
0.055598002
0.028990781
-0.05353311
-0.06051263
0.0038526542
-0.011500576
0.03179496
0.03443826
0.011196538
-0.031611152
0.02719389
0.0015256334
-0.018861977
0.044196278
-0.0066771144
-0.060498618
-0.009012549
0.06961252
0.00092205696
0.031433895
-0.024273366
-0.044151552
-0.028441923
0.056669272
0.015498933
-0.0059622414
-0.015365095
-0.00010052507
-0.038389627
-0.018033296
-0.019961564
-0.017120492
-0.0046236482
-0.038441185
-0.04285034
0.02640209
-0.006934907
0.032673206
0.0022951665
-0.09056732
0.012264095
0.019449988
0.027529713
0.017376846
-0.014672461
-0.009994687
0.032428347
0.03602666
-0.050168157
-0.009252795
-0.039376795
0.008542283
-0.020635076
-0.07597418
0.0026463761
0.026910264
-0.034181677
0.02189584
-0.03513402
0.036355875
-0.012391359
0.034789335
0.006896823
-0.026111517
-0.027324306
-0.036001842
-0.019029023
-0.05648051
-0.007939591
-0.023731964
-0.019298535
-0.015822612
0.035905965
-0.010777925
0.0101943435
-0.050320007
-0.017076705
0.016230576
-0.003950879
0.017778048
-0.022825157
0.020213794
-0.023102522
0.023362918
0.04150478
0.020030282
-0.04062374
-0.0014819124
-0.017467376
0.020416021
0.01458257
0.02889861
-0.014740601
0.031003352
0.015243975
-0.046132103
-0.019394284
0.0011876854
-0.011154557
-0.05898082
0.01908855
-0.0018430976
-0.045403387
-0.006174692
0.023271965
-0.053184018
-0.006280658
-0.020363249
-0.009415195
0.034792155
0.024220891
0.016137224
0.01940169
-0.014275827
-0.0005309586
0.0023564368
0.011924654
-0.037181385
-0.0148574095
-0.00411631
-0.010349037
-0.03901015
-0.024575697
0.022546403
-0.027071694
-0.00019948249
-0.024742475
0.00016385963
-0.03362999
-0.04072619
0.0029099348
0.032041457
-0.06295696
-0.0012696644
-0.03660221
0.0049150703
0.009823198
0.01195653
0.00043356058
-0.009707964
0.007729432
-0.0069568795
-0.038127244
-0.043088946
0.04469016
0.005246405
0.007966564
-0.042364713
-0.010290491
-0.034348592
0.0034362953
-0.0072167576
-0.024213666
-0.024345996
-0.014256858
-0.02939215
0.01278959
0.025362449
-0.007723103
-0.06429051
-0.009402366
0.0034446856
0.0093460195
-0.042273153
-0.008794087
-0.02608363
0.005675246
-0.007330299
0.05202676
0.023725042
0.028941156
-0.019399382
0.022657624
0.01797136
0.08256164
-0.01546644
-0.031708505
-0.031455126
-0.009814101
-0.018802216
0.002986219
-0.0013174975
0.04946365
-0.032190282
0.04028622
0.04468441
0.027061807
0.0037573087
-0.022495352
-0.032443717
0.014750787
0.023132548
0.0336558
-0.026661715
-0.018805336
-0.025013942
-0.02691379
-0.054335684
-0.017913012
-0.016522119
0.013039298
0.040768586
-0.0019156022
-0.01713106
0.009350866
0.007827982
-0.013259552
-0.050183736
-0.006420733
-0.036530387
-0.051147815
0.024662623
0.018404204
0.00023347711
0.030092794
-0.034236033
-0.029901048
0.03077085
-0.075937584
-0.020767558
-0.008044217
-0.013135884
-0.026784157
0.027065003
0.024132742
0.01756661
-0.019038802
0.017736003
0.02199224
-0.08786181
-0.031865004
0.030548453
-0.011473463
-0.05970096
-0.019936236
-0.043087408
0.02731227
-0.03739392
-0.008269692
-0.024838919
-0.02878705
0.01680328
0.0076460144
-0.051101964
-0.004270209
0.017442297
-0.02996059
-0.03447614
-0.0482689
0.012135513
-0.00040106528
0.022587212
-0.01565247
0.005647518
0.0072372556
-0.015096006
-0.026622372
0.009721815
-0.005122017
0.006521961
0.061320253
-0.03547459
0.025025208
0.012986269
0.0033071502
0.030042054
0.0020990963
-0.017249338
-0.0029678936
-0.013447955
-0.04180392
-0.0670999
0.01754213
0.022517607
0.025258679
-0.026264222
-0.0033015427
0.017280053
0.005230247
0.034862768
0.0129710175
0.035626017
-0.09624342
-0.055509962
-0.030549556
0.014387355
-0.046570078
-0.05985903
0.045567844
-0.018623967
-0.0140579315
-0.02430861
0.025042264
0.03720512
-0.0009467576
-0.00764558
0.011326194
-0.011528632
-0.021771243
0.021503286
0.028326487
-0.021811591
0.01642131
-0.009925997
-0.0064295707
-0.044657316
-0.05744576
0.034184515
0.03990761
-0.013177453
0.012277065
-0.019135775
0.018098513
0.0032774382
-0.0044319206
0.009037965
0.035679128
-0.019179504
0.03037165
0.086176924
-0.01683389
0.019431982
-0.042477347
0.030367715
0.039951414
0.0046426076
0.025283488
-0.021480024
0.018163498
-0.0035444654
0.04616041
-0.0069307275
-0.009336278
-0.0037864652
-0.023368543
-0.06380761
0.039153624
-0.01753681
0.004855367
0.03125432
-0.017309984
-0.011215525
-0.012120048
0.048551295
-0.022471514
-0.068576574
0.038260087
0.004949738
0.001963317
0.019102657
0.006618343
0.04627136
0.018492727
0.019279642
-0.017989708
0.0020916164
-0.0026770297
-0.0059561054
-0.008193586
0.040108807
0.009385738
0.047875356
-0.02181737
0.023582252
0.021221379
0.0011367565
0.0016913797
0.043743853
-0.031932503
-0.0016360591
0.008942248
0.0056780605
0.02536716
-0.030171484
-0.030179225
-0.034363825
-0.05341769
-0.01459259
0.00057387236
-0.0038492987
-0.010244856
-0.003850677
-0.048999302
-0.005901024
0.012046094
-0.016395649
0.0020772787
0.0077449777
0.014032082
0.033479095
-0.010944273
-0.0018835304
-0.020107232
0.018591244
0.05677948
-0.002004054
0.03103584
-0.023818763
0.006554698
-0.029013569
-0.016513614
0.03456817
0.010784962
-0.021998368
-0.036253832
0.0020387103
-0.017431766
-0.034913044
-0.006483862
-0.016509851
0.020001104
0.0046002395
-0.011340729
0.0048434557
0.05000093
0.059973624
0.022863904
-0.041501787
0.01915077
-0.010210328
0.042634323
-0.014060142
-0.007950845
-0.03491823
-0.009139187
-0.005140475
0.0064061033
8.27536e-05
0.03952427
0.020775842
-0.012244216
-0.028675484
-0.012725121
0.043826398
-0.03577571
-0.016574487
-0.05645196
0.03238324
0.03900048
-0.017970892
-0.0011935657
0.025748337
0.004131642
0.036907278
-0.00625116
-0.0010044144
-0.0077044587
0.015875416
0.0509698
0.0039448002
-0.030097047
0.00811652
-0.021286385
-0.031062217
0.03837385
-0.014854283
0.011571219
0.05077083
-0.029061675
0.06708675
0.015270586
-0.039952017
0.070626624
-0.037319884
0.0025532467
-0.033025004
0.038453612
0.0034659428
0.011169441
-0.05142763
0.055862185
0.020731445
-0.01915609
-0.0060066865
-0.036713768
-0.018479472
-0.046515632
0.02369531
0.0025814245
0.025916629
-0.00016963111
-0.052569766
-0.0037971684
-0.053787787
0.024563374
0.004315842
0.008883492
0.033039596
-0.035584718
0.009320568
-0.0111006675
-0.03561533
-0.009633378
0.013300497
-0.009843831
0.015343652
-0.00562389
0.021356901
-0.052032955
0.014051391
0.020521728
-0.035208177
-0.0084045995
0.009169738
0.036271844
-0.031432994
0.011106538
-0.009414148
0.022620957
0.0038104975
-0.005055634
-0.00922643
0.0027388476
0.036690272
-0.0066849436
0.0019588547
0.0011286804
0.021147253
0.014217683
0.027910238
0.06998613
-0.012113543
0.015644504
-0.014323516
0.014872258
0.053663917
0.012487041
0.034690302
-0.03344738
-0.012876446
0.028378874
-0.09451037
0.026792156
0.014034061
0.012748337
-0.0048314855
0.0046033347
-0.0040625683
-0.009357894
-0.031626526
-0.009716036
0.008396438
-0.01640294
0.0021210213
0.024736132
-0.023515876
-0.018429754
0.0046542464
0.03177663
-0.037873503
-0.010013688
-0.013893243
-0.03161311
0.0056696897
0.026334642
-0.05228051
-0.016096322
-0.047898572
0.028513562
-0.0153259365
0.011313123
-0.037253685
-0.0009825922
0.016140852
-0.024207579
-0.0029349772
0.0561102
0.05328022
0.015778888
-0.005262948
-0.10075213
-0.047241654
0.004999759
-0.015721632
-0.038672537
0.054476656
0.0669474
-0.05101965
-0.029376516
0.0016216186
-0.008897658
0.028046034
0.008053546
0.0249498
0.020378467
-0.014667091
-0.0069506275
0.0070883934
-0.029939778
0.010434998
0.059238993
0.0030856978
0.035758328
0.016551971
-0.02787446
-0.048415203
-0.011540567
0.017156418
-0.0531384
-0.057378482
-0.02112388
-0.049265698
0.036973793
0.014731011
-0.016944023
-0.0004936978
0.009629067
-0.028146658
-0.019629104
-0.004215138
-0.0061277375
0.004382032
0.026018925
0.03599886
0.058664884
-0.011037219
0.010188662
0.04004868
0.012644277
0.019114258
0.043181892
0.0035135564
0.019019578
0.079239264
0.032018565
-0.012816931
0.057410933
0.013527859
-0.0076135704
0.016225642
0.0019416641
0.021838324
-0.030350773
-0.034850452
0.009406713
-0.011951878
0.060198784
0.018395236
0.029419556
-0.0036610246
-0.032174654
-0.00032540556
-0.0038558128
-0.0074239103
0.051312245
0.002756267
0.024551805
-0.04949156
-0.0020862806
-0.005510688
0.047575824
-0.042125296
-0.0124647925
0.028854992
0.0076227956
0.0024244785
-0.0042663915
0.0701894
0.034375936
-0.029786306
0.014386276
0.020043245
-0.051196966
0.030676836
-0.0057719722
-0.015716173
-0.009215053
-0.017890017
-0.0073330123
0.0016361737
-0.008289319
0.027143156
-0.026338788
-0.042415842
0.010367645
-0.041278765
-0.0123495
-0.045099866
-0.010370885
0.05508755
-0.021375863
-0.018670222
-0.013207998
0.06424435
-0.040924575
0.03364907
-0.013673097
0.037594736
-0.023460759
0.041803632
0.024160767
-0.050878905
-0.030376105
-0.03070844
0.012616817
0.049995553
-0.02381166
0.004149406
-0.03621951
-0.011642937
0.009971478
-0.025397744
0.0403307
0.019057935
0.01682276
0.039653763
0.040842466
0.039822135
-0.011486534
-0.032474197
-0.0044871005
-0.008560336
-0.017432753
-0.09879131
-0.03272665
-0.00744035
0.016431713
-0.0028160315
-0.0070827254
-0.05767642
-0.0032390314
0.016823635
-0.021906303
0.003422685
0.016841492
-0.025169749
-0.005459926
-0.0022561061
0.045404933
-0.0384502
0.035799533
0.04028812
0.036452785
-0.025182428
0.032229766
0.0135757495
0.0055622007
0.014714768
0.011833259
-0.016583607
0.01774195
-0.004971356
-0.014566176
-0.004968718
-0.024106627
-0.034238715
0.0078091035
0.012862593
-0.033257354
0.017203033
0.0023507916
0.0029118254
-0.01777003
-0.037920434
-0.0077885585
-0.038582098
0.012506822
0.037708636
-0.015777204
-0.0640033
-0.015375225
-0.00910408
-0.03961018
0.01373341
-0.06205365
0.02980176
0.044524815
0.029866908
0.013968961
0.006481619
0.0021470634
-0.00740987
0.02455737
0.029534051
-0.06051178
0.009327943
0.042638853
-0.0018833722
0.002942974
-0.037163004
0.020232087
-0.01566443
0.0011393629
-0.0020538885
-0.029642388
-0.0061111357
0.0046754857
0.05883296
-0.006997546
-0.0341627
-0.0021633424
0.029982569
-0.04471195
0.010932803
-0.07522242
0.0744988
-0.008549532
0.046151146
-0.002124908
-0.03593309
0.004269484
0.011290421
0.00042260287
0.044292957
0.038426787
0.016643792
-0.010235151
0.025346598
0.029245568
0.027393391
-0.041552458
0.0049965787
0.00022384134
-0.014993283
-0.021247705
-0.034030586
-0.0232711
0.036345556
-0.046979353
0.0033946356
-0.007158621
0.061781093
0.04429648
-0.00898706
0.011705777
-0.007949353
-0.022629047
0.061192814
0.016887419
0.021381676
-0.007996337
-0.032051988
0.012899894
0.041676987
-5.0471913e-06
-0.021369765
0.028906995
-0.005209897
-0.00927667
0.00848039
0.0014698849
0.03902457
-0.000913493
0.012167626
-0.012000607
-0.011822467
-0.07338633
-0.020483425
0.015069525
-0.024966242
0.028420875
0.008302111
0.00036093246
-0.029259928
-0.04560614
-0.00046186135
0.04121288
0.009186812
-0.031065004
-0.03423523
0.04125178
-0.049575828
0.040256314
-0.026116068
-0.042917624
-0.01030396
-0.01777619
0.025174767
-0.006685697
0.030328961
0.09055329
-0.024698136
0.00833373
0.013724522
0.059705473
0.014257879
-0.035155483
0.04050606
0.016190326
-0.015022144
-0.01346125
-0.044493623
-0.012223864
-0.0031831337
-0.026138945
0.021821078
0.044284582
-0.018272227
0.050987903
0.050581966
-0.00033991307
0.03112833
-0.019779593
0.014100974
0.051307417
-0.015857896
0.043150753
-0.03013848
0.042833235
-0.014084895
0.064522825
0.0022903413
0.010643342
-0.0131429555
0.053890217
-0.033975173
0.038562227
-0.0160609
0.0075877244
0.0011247785
0.02937533
-0.0060631046
-0.021019228
0.0013910735
-0.0011884627
-0.020658193
-0.0116943205
-0.045126237
-0.02563871
0.029062714
-0.049129643
0.031880394
0.018151361
0.016000876
0.034809392
0.0484558
0.02206867
0.026767481
0.015632438
-0.036302846
0.051173933
0.024849394
-0.022780154
-0.022351347
-0.034988005
-0.039076768
-0.03964298
-0.015162773
-0.067991935
-0.018642412
-0.011602271
0.02458327
-0.06506089
0.0019205925
-0.0059822486
-0.008518457
-0.01710665
-0.022681305
-0.031924766
-0.013437173
0.02252955
-0.021414658
0.036804844
0.00096761354
-0.0036943732
0.023283873
-0.0054751704
-0.06390835
-0.010074104
-0.016239949
-0.018125515
0.013825327
0.019234635
0.01912846
-0.034308653
-0.031288676
0.046049077
0.07393648
0.014005562
0.063172616
-0.007497724
0.03252227
-0.0051161414
-0.033584356
0.022409063
-0.0018089069
0.055596907
-0.008679939
0.009373356
0.055696256
0.01242794
0.032289997
0.010829184
0.009311381
2.8837689e-05
-0.039614737
0.067091025
-0.02228953
-0.030468933
0.0015548198
-0.03103081
0.019221753
-0.017431883
-0.008389022
0.044428516
-0.01894913
-0.04805787
-0.03726944
0.04096975
0.06621592
-0.005115113
0.04014912
-0.06143812
0.016774109
0.032924037
-0.009257785
-0.056011457
-0.0013293198
-0.018680682
-0.0505179
-0.002205936
0.020544788
0.055406284
0.02048232
0.022629576
-0.02755045
0.0071189613
0.014823927
0.017604142
-0.0041203
-0.0037373793
-0.010293546
0.028866554
-0.025055917
0.01814068
-0.018874282
-0.027919112
-0.004477589
-0.0006406062
-0.017652525
-0.08084416
0.022502607
0.0194013
-0.027633004
0.022697141
-0.03867018
0.03960432
0.02833982
0.006386372
-0.03445625
0.00075697975
-0.026341673
-0.006803754
0.0015027915
-0.028501105
0.0034211355
-0.03470097
0.0137069905
0.020979976
0.030630695
-0.036557224
-0.020013476
0.01097582
0.0036140927
0.03515363
-0.0021810264
0.028155774
-0.003621212
0.059286606
-0.017247813
0.0036718526
0.012247731
-0.03365383
0.016051887
-0.015092472
0.005065784
-0.034562342
0.0024152217
0.015536068
-0.008780347
0.0064838533
-0.015374592
0.01354272
-0.011600356
0.010025363
0.036970012
-0.017817931
-0.0018385474
0.001552035
0.025412412
-0.066117205
-0.032073148
0.023159375
-0.009339364
0.04660599
-0.013719492
0.0015786266
-0.05861196
0.0196989
0.054000102
0.030094692
0.026107334
0.050140273
0.012273272
0.0036219328
-0.0104813995
0.005935145
-0.023244007
-0.023247799
0.06406844
0.019988975
-0.00042651498
0.05963004
-0.003314767
0.007962391
-0.0348496
0.051318306
0.007433499
0.002216417
0.001348858
-0.013613991
0.002160691
-0.034475002
0.065194994
0.012477597
-0.029315662
-0.00830463
0.032056782
0.010211961
-0.008901964
0.030947568
0.013671944
-0.041668992
0.013989788
-0.017063083
-0.04820465
-0.031440802
0.04106859
0.049712535
0.060628023
-0.054424446
-0.0041334247
0.0011444164
0.016385326
-0.042622443
-0.009814185
0.052801523
0.0110653415
0.030187123
0.04236542
0.0046884054
0.0048273625
-0.0073118997
0.03853847
-0.006564121
0.050691094
0.001502695
-0.017022092
0.005268523
-0.0070342375
0.019624297
-0.016072286
-0.01324034
-0.029386818
-0.077127166
-0.023846736
0.0015410908
-0.045115836
-0.040648658
-0.026492177
0.036434818
-0.028007379
-0.013513315
-0.024233358
-0.046421465
-0.0518495
-0.04739832
-0.051293507
-0.007733209
0.018555025
-0.04895599
0.0064574783
0.014023226
-0.009720281
-0.024627645
-0.022357335
-0.014793087
0.014698652
0.034565624
-0.013236467
0.028975122
-0.052650087
-0.008711207
0.023400106
0.015466287
0.016815484
0.008812849
-0.00050280325
-0.0033495545
-0.011277222
0.032237966
0.035781283
-0.004725608
-0.013476274
-0.012923677
0.051754963
-0.06528116
0.033590335
0.020661434
-0.041288774
-0.043589715
-0.021642162
0.0036980484
-0.030623812
0.030783748
-0.022311464
-0.015728904
0.019010356
0.027788654
-0.013794339
0.0013260223
-0.014731644
-5.9110527e-05
0.049949918
-0.034680914
-0.018790282
-0.08935302
0.009209067
-0.015419357
-0.02848708
-0.043420233
0.022184802
0.00088398304
0.056594636
-0.008880153
-0.024655003
-0.010202845
-0.035603497
-0.016064158
0.03905599
-0.03974759
-0.00675413
0.038693506
-0.10859871
0.038809575
-0.030993324
0.0050756233
0.00041569307
-0.029158514
0.0068496983
0.02839817
0.022643937
0.042492233
0.008311285
0.026818331
0.015436066
-0.015540032
0.0014361566
0.07910747
-0.014689832
0.0352932
-0.032649748
0.027342355
-0.02661441
-0.053286955
-0.029620003
-0.036345262
0.024440344
-0.056419645
0.01094258
-0.04439582
-0.026110608
0.006785258
-0.0049584922
-0.023315605
0.022239843
0.013378253
0.0070388205
0.0023107594
-0.0072848615
-0.053817723
0.012156162
-0.034735546
0.010672261
0.033901364
0.021768952
0.010688206
-0.0020067287
-0.02604892
-0.00533303
-0.036684904
0.011803556
-0.049696706
-0.019564616
-0.03526609
0.044179466
-0.06728645
0.019387526
-0.0005297372
-0.038402636
-0.014494687
-0.0011234076
0.04312025
-0.0030154623
-0.026953885
-0.032031972
-0.025885602
-0.007852653
-0.010915399
0.013987913
0.003161225
0.0073100724
-0.021213444
-0.03777146
0.030912219
-0.037635062
0.0015572188
-0.027480599
-0.021702806
-0.038046878
-0.013131784
0.034864858
0.010503788
-0.009349906
-0.020965753
0.009324058
-0.02502967
-0.017691681
0.032714404
-0.034334596
0.0017461391
-0.010978273
0.0053643663
-0.0025533875
-0.011432705
0.0095087355
0.018431537
-0.0024936425
-0.087864146
-0.03694543
-0.029942824
0.022458406
0.011054232
0.048743755
0.0350907
-0.03190881
-0.028709652
0.015122048
0.04763319
-0.033797134
-0.040631395
0.014415647
0.04179578
0.017388156
0.0045401203
-0.017132789
0.0026173033
-0.0008374371
0.005553396
0.0319805
0.03567072
-0.048323102
-0.040434506
0.020006223
-0.010051306
-0.016193869
-0.015560877
0.01986542
0.010486615
0.021840101
-0.014083418
0.014164125
0.0036706277
0.028172888
-0.04868661
0.023097828
0.053765226
-0.029653713
-0.0024493309
0.045361966
0.053117223
0.029733047
0.028165407
0.01409689
0.012277676
-0.027948406
0.037475243
-0.027308946
0.005767997
-0.02812195
-0.0006442386
0.01493571
0.014290883
-0.041450433
-0.044708006
0.001722485
0.0054079313
-0.013878078
0.008764722
0.026317608
-0.038621508
0.022474697
-0.0017420284
-0.031621695
-0.0027359605
-0.022893153
0.006254481
-0.02390998
-0.007199684
-0.020668041
-0.014521506
-0.015211139
0.026959062
-0.02180743
-0.04786646
0.042913992
0.012603428
0.013950218
-0.0021946272
-0.013819102
0.031571366
0.034828357
-0.032777637
0.019179266
-0.05092483
0.009866468
-0.0017331197
-0.007262817
0.029574547
0.013384114
0.024439156
0.0141303595
-0.00880222
0.0039636507
-0.0064905584
-0.016714104
-0.011709677
0.048148774
-0.0406552
-0.019539077
-0.00929586
-0.039694488
-0.031235639
0.04954925
0.0122761885
0.07012572
0.006789675
-0.05369002
0.009805236
-0.015446069
-0.02240914
-0.024011388
0.04215879
0.005421907
-0.0117297815
0.0001516072
0.044721335
0.03626371
-0.0034823667
0.028271131
0.0049842857
-0.009431337
0.015064357
0.03412972
0.0012882513
0.034284323
-0.0052151047
-0.007722266
0.03740975
0.018210148
0.016827706
0.0041222484
-0.010529961
-0.013255992
-0.0417923
0.008639835
0.035625327
-0.016526273
0.0074483734
-0.01913868
0.023627538
-0.011142323
0.018928988
0.0394992
-0.004345498
-0.05177113
-0.049094886
-0.051782873
0.028662836
-0.019335743
0.016245367
0.008553189
0.027057655
-0.004691299
-0.02134001
-0.0033785312
0.035689946
-0.024469826
0.0025742308
0.06993311
-0.010008108
0.021931486
-0.029876782
-0.013716918
0.034323115
0.0086464435
-0.003689432
0.04345995
-0.035946734
0.03415742
0.024879634
-0.0135590825
-0.014718825
0.009694515
0.021377007
0.06841666
-0.007780497
0.04283529
0.004088143
-0.045666043
-0.047138102
0.028758455
-0.05895896
0.039615583
-0.030730069
0.011631712
-0.008244809
0.027314339
-0.006747383
-0.058830705
-0.02439033
0.0050874753
0.049242783
0.022757053
0.015665945
0.023600718
-0.02004407
-0.01470397
0.05085586
0.037663706
0.016925246
-0.041472357
-0.026365258
-0.030977223
0.033091016
-0.009679672
0.009458358
-0.06924935
-0.015232729
0.0038298739
0.008036807
-0.014030646
0.025496902
-0.025978591
0.0018259123
0.0134845115
-0.02337568
0.044170223
-0.018494662
0.0145478
0.0016343149
-0.053075437
0.0075817793
-0.021437775
-0.011448599
0.02496732
0.02884332
-0.016728329
-0.04483208
-0.0022842255
0.039943404
0.023764307
0.013635198
-0.045080252
-0.00055049895
0.03130477
-0.05429431
0.008875116
0.010759629
0.019274896
0.0036057404
0.053384658
-0.013079994
0.025147993
-0.022015363
0.0027616424
-0.009385851
0.007735332
-0.05997438
-0.040543694
-0.0072085196
0.00705968
0.01024791
-0.011592789
0.033005044
0.028312199
-0.02217992
0.007895407
0.099370934
-0.044439856
-0.017017087
-0.0022301325
-0.038780466
0.013314303
0.047780436
-0.008814483
0.017067423
-0.00963555
0.031367227
0.0036612558
-0.03871912
-0.0016713403
0.009609514
-0.03197951
0.03467374
0.017419098
-0.0034715394
-0.05551529
-0.020588113
-0.01334035
-0.004410316
-0.023634415
-0.023936858
-0.010493737
-0.003269757
-0.009918265
0.015653078
-0.009158301
0.0020085548
-0.049273238
0.024562621
-0.017955083
-0.024341676
-0.025222016
-0.013934157
0.044796128
0.035075687
-0.002288034
-0.014496629
-0.0065903775
-0.0062767956
-0.047205124
0.06740669
-0.047850706
0.00020765784
-0.019997692
-0.03786813
0.032273054
0.0021832762
0.04149113
0.038413633
-0.00774038
-0.0062037194
-0.00770782
0.013230834
-0.063331254
0.011912209
0.009531059
0.038904026
-0.022124264
-0.06016572
-0.009682126
-0.010354371
-0.03473747
0.034250896
-0.06130129
0.022324532
-0.019441733
0.016248269
-0.003434936
0.028869318
0.035063393
-0.023153152
-0.005113508
-0.011440995
-0.009480155
-0.019900542
-0.014599569
-0.039401416
-0.019021023
-0.0057437825
0.023613451
-0.03480163
-0.03466009
-0.031257316
0.015376586
-0.034551665
0.030855402
0.002314312
-0.00070773705
-0.03539822
-0.0063311155
-0.027507607
0.029807001
-0.001377286
0.04816599
0.027641999
-0.0056269765
-0.014178762
-0.00019072811
-0.030870765
0.031632524
0.02655955
-0.005332667
0.048912384
0.011720859
-0.070302
-0.046015684
-0.009994049
-0.0017859567
-0.0013328566
0.051636428
-0.01494063
-0.01837819
-0.023054702
-0.0106025515
-0.003199919
0.030012159
0.004879161
-0.025279071
-0.07384732
-0.02044808
0.016639102
0.047780957
0.01680029
-0.022991411
0.01609292
-0.02329548
0.03605698
0.005777409
-0.028739147
-0.05164562
-0.045323193
-0.0078311805
-0.04303562
0.0035270962
-0.029444946
0.010819485
0.019943407
0.021865366
0.061816417
-0.036180984
0.03713268
-0.008827954
0.032502774
0.013381595
0.019903429
-0.010743672
-0.027767165
0.024921173
-0.018053094
0.00032319818
-0.019538214
-0.048395447
0.06808111
-0.032452174
-0.02878848
0.06127407
-0.035718575
0.010771437
-0.014479077
-0.004618918
-0.0461418
-0.03536615
0.008576251
0.018884191
-0.02543735
0.004731614
-0.044878073
0.0073102457
0.012954505
0.0051602363
0.014452941
0.0002752751
0.020031072
-0.025828598
0.009039056
0.02782983
-0.06277179
-0.032941233
0.014516888
-0.012239361
0.051871166
-0.06400404
0.007633494
-0.024204638
0.017194176
-0.014111543
0.017239947
0.022088263
-0.008872234
0.0037435503
0.05330899
0.06444762
-0.009636107
-0.024361152
0.010848598
0.052715532
0.018424101
-0.011703779
0.00973149
0.0071641053
-0.02905625
-0.019319085
-0.03201342
-0.0041946275
-0.05537868
-0.048430875
-0.0034337535
0.009763439
0.009702176
-0.025084957
0.007918052
0.03308988
-0.021591404
-0.023445444
0.07035508
-0.02361757
-0.026859552
0.01110369
0.004636325
0.056539506
0.01906403
0.037937135
0.03358427
-0.04481845
0.00021739915
-0.036826316
0.002357603
0.015661089
0.008120532
0.004916144
0.008639319
-0.019784214
-0.030519174
-0.0026996715
0.020126795
0.0063137435
0.065276295
-0.01218589
-0.04323824
0.07591932
0.010973019
-0.015391661
-2.8442613e-05
0.013664422
0.010949528
-0.02950323
-0.033448245
0.014618609
0.021903716
-0.031916246
0.015203987
0.03257016
0.012684084
0.02910489
-0.010006151
0.016250793
0.054211397
-0.058416005
0.0015060751
-0.037830748
-0.015450669
-0.005886819
0.004210684
-0.05368348
0.012464636
-0.029301237
0.0056718336
-0.01487075
0.0047544166
-0.0010039393
0.0008524047
0.0054918947
-0.014786233
-0.02235509
0.030011563
0.030597948
0.050864648
0.006406447
-0.039263874
0.032723047
-0.0051812474
-0.056968674
-0.023599751
0.056192536
0.06263059
0.035413794
0.0023170032
0.03399175
-0.0558764
-0.0135723865
0.019528806
-0.052921005
0.008085395
0.03578996
-0.014777026
0.024242459
0.01435998
-0.0148713365
0.011642341
-0.060206216
0.019445634
-0.03243667
0.027674425
-0.01642986
0.032046203
-2.2746362e-05
0.064390786
0.0047291573
0.05779317
0.07871178
0.016995048
0.040379226
-0.01646015
0.019391315
-0.01074334
0.02367895
-0.04509499
-0.00067795615
-0.025234645
0.04499778
0.008407854
-0.010007202
-0.012975923
-0.014773383
-0.062455487
-0.004866908
0.0049527204
0.015523181
-0.046119053
0.03583784
0.011373918
0.0007538025
-0.02609318
0.075811386
-0.031831007
-0.04432153
-0.0017927112
-0.0066852616
-0.033132046
0.016764037
-0.014294465
-0.017789304
0.008450274
-0.0063093593
0.04549499
0.0038181609
-0.030448502
0.012437757
-0.02292332
0.021081902
0.008569998
-0.0024272648
-0.012475986
-0.0011233966
0.007620785
-0.014768518
0.054615866
-0.06791229
0.048508935
0.015763942
0.020948892
-0.033554498
-0.0053989342
0.035257116
0.046641413
0.013431636
-0.035964
-0.024461834
-0.015833255
0.036040172
0.0141222
0.0368931
-0.034195077
-0.035825588
0.01726672
0.025825595
-0.033331513
0.030955544
0.03918057
0.06800355
-0.01554546
0.02250738
0.02398256
-0.0075032944
0.051870074
0.062124528
-0.10190288
0.033427346
0.039262865
0.06613745
0.01242625
-0.028401753
0.008264316
-0.015123267
0.01667845
0.030012945
-0.035071354
0.0053814882
0.029200673
0.003518244
-0.0056862305
-0.0051741656
0.039493676
0.028311556
0.0037816262
-0.0028244096
0.0037172907
-0.027375262
-0.026896385
-0.01144004
-0.0074112285
0.011712985
0.010002799
-0.03251638
0.0075831325
-0.038347032
-0.0021183756
-0.023973519
-0.013568101
0.032042
0.0087832725
-0.0024399422
0.008468972
-0.0012371561
0.023901984
0.0073381243
-0.011676379
-0.022707336
-0.017985763
-0.009612011
-0.006484334
0.0054241284
0.039940342
-0.021750953
-0.015351349
0.020266289
-0.014680863
0.0070194933
-0.029364102
-0.045246247
-0.017323906
0.004945743
0.015182457
-0.005106158
0.0068111145
-0.008083169
-0.011504313
0.053781968
-0.019638773
-0.019963454
-0.040328816
0.0020426868
0.05527164
-0.037776552
0.026897782
-0.016756672
0.020243015
0.013966613
0.04442284
-0.002696614
0.018451646
0.018765256
0.032467265
-0.00998633
-0.017890947
-0.031077698
0.014555297
-0.0049781827
0.03316612
0.010241408
-0.010109689
0.03276609
0.044699453
0.011498104
-0.034666244
-0.0063754423
0.019553175
-0.061650354
-0.0060737906
0.003137175
0.045711253
-0.058057997
0.013961294
0.019258095
-0.0015979401
0.012457164
0.01913191
0.015105239
-0.019452367
-0.025647257
-0.05396435
0.059465356
0.0126242135
-0.025229322
-0.00067299884
-0.015242748
0.042484123
-0.01898951
0.02763666
0.02238589
0.0034412332
0.013082144
-0.006808071
-0.04916691
-0.0025907476
0.011127139
-0.019196322
0.04206316
-0.0064290077
0.052225433
0.01300408
0.030373728
-0.0027297835
0.013184599
-0.023185058
-0.018013563
0.0044073155
0.008290658
-0.028239563
0.027945017
-0.01622169
-0.046656013
-0.014987856
-0.0057774996
-0.03808806
-0.009358177
-0.045736376
-0.00065902283
0.01663338
-0.015671758
0.013747553
0.016853947
0.058673557
0.031785294
0.013127382
-0.007891774
0.02391225
-0.025446154
-0.0029940605
-0.016572023
0.0003795783
0.026985247
-0.012716116
-0.0010633147
0.018899662
-0.027648624
7.132009e-05
-0.0073261694
0.025769655
-0.030779742
0.019095931
0.03020871
0.06565919
-0.027571449
-0.015890364
0.037814967
-0.0470909
-0.018016685
-0.0059070243
-0.015985083
0.0024643934
0.017986743
0.0023576717
0.031932082
0.027160078
-0.066603795
0.009405669
0.000847731
0.011509339
-0.008230898
0.038971554
0.008829009
0.018422145
-0.016361037
-0.03387273
-0.015913391
-0.050255436
-0.02938515
0.011206857
-0.010955039
-0.020930339
-0.008515173
-0.046885077
-0.020127987
-0.037854396
-0.009139402
0.0023668967
0.016831895
0.029533125
-0.02773036
0.010710516
0.023353511
-0.009219589
0.015013779
-0.006295527
-0.024652023
-0.04105682
0.03442529
0.033847034
0.04634353
0.015389067
0.020347062
0.028651835
0.0026128234
0.03388791
0.032412108
0.002853012
-0.040589146
0.0130718965
-0.019285671
-0.01754312
-0.015459872
-0.036585357
0.025511002
0.01646005
0.038343407
0.044210758
0.032888107
-0.03953582
-0.0023232694
-0.023268843
-0.03804516
-0.002736943
0.012515201
0.029574534
0.037699863
-0.017899618
0.015110384
-0.033182416
-0.07456347
0.0018060651
0.015552401
0.019706858
-0.035476904
-0.0090085175
-0.017170131
-0.00038568053
0.0033241338
0.008125927
-0.009367612
0.019509701
0.01260502
-0.023329375
0.025206469
0.07316395
0.00986011
-0.0045657116
-0.055230938
-0.015766622
-0.09839683
0.03010518
-0.044617668
-0.022097858
0.015623334
-0.032184415
0.0031248434
0.018813536
0.019510677
-0.05879824
-0.005442012
-0.00065703155
-0.0437046
-0.056583073
-0.02585041
-0.026147963
0.02774759
0.034682836
-0.0026184586
0.024875246
-0.005992655
-0.011642974
-0.014156278
-0.00089440425
0.025514992
0.028058141
0.060917173
-0.005601427
-0.003526356
-0.0044764527
0.0485792
-0.016814226
0.029702803
0.04590264
-0.018355481
-0.020803478
-0.04534002
-0.034076817
0.023238791
-0.012836668
0.039997354
0.014997376
-0.024629148
-0.020181
0.023770753
-0.010154127
-0.021385262
0.026386835
-0.020495823
-0.03954728
0.013181314
-0.022983521
-0.020752763
0.012897727
0.0055456017
-0.03853913
-0.030859811
0.015900686
-0.0058363033
-0.022980964
-0.07076039
0.036243398
-0.004276193
-0.024440058
-0.053857822
0.05828992
0.061141346
0.005262638
-0.036595322
0.025443573
0.039786942
-0.024619104
0.025178222
0.016797911
-0.0227267
0.03444051
0.022112684
0.033003554
-0.023605285
0.021939723
0.017047783
-0.038850132
0.013754171
0.03945591
-0.006719606
0.05667142
0.035502758
-0.016340116
0.012729585
0.027764574
0.011064957
0.0027010029
0.009969481
0.021792078
0.07807167
0.03784811
-0.025190925
0.029069891
0.031053597
0.0569506
0.019159988
0.004974258
-0.0074196756
0.0029267569
-0.051779296
0.0043388405
0.019618232
0.04767608
0.02482733
-0.04963746
-0.032875415
-0.05884773
0.06334003
0.043099266
-0.06831962
-0.029274672
0.04600193
-0.042807695
0.046138216
-0.042329703
-0.0045445682
0.01569949
0.03021848
0.012437102
-0.0049610175
0.007226174
-0.045129996
-0.016556228
-0.037990596
0.037622195
-0.023961106
0.007171417
0.008693381
0.0073591033
0.043720573
0.056105204
0.025876643
0.06110492
0.017019706
0.03630259
0.0025917445
-0.020802317
-0.060950655
-0.03967265
0.02513783
-0.0016050535
0.029840467
0.035212602
-0.0049553793
0.04680483
0.029559929
-0.004202376
0.037786078
-0.02361374
-0.011545697
0.029983602
0.033540748
-0.030884113
0.05774531
-0.03954136
-0.019292468
-0.016630888
0.020682879
-0.011001878
0.012903172
-0.0007198339
0.06607246
-0.047301527
0.009895131
0.015527563
-0.0015175107
-0.01842748
0.02994907
0.009583207
-0.00062946323
0.016847797
-0.029116642
-0.013224525
-0.009766979
-0.039722905
0.0108200265
0.039365984
-0.006146451
-1.1075467e-05
-0.04443796
0.01189228
0.0052095368
-0.007472736
-0.026613496
0.021755856
0.020439314
0.0103953965
0.018719861
0.015741948
0.02555334
0.030333748
-0.014759413
0.0097318115
-0.0002806371
0.023076441
0.0019086938
-0.033752378
-0.0055042165
-0.025939064
0.03861647
-0.018557522
-0.007958012
0.021070994
-0.043297157
0.0013436988
-0.012593832
0.002406389
0.011180493
-0.022123475
-0.011218878
0.024418242
0.020546079
0.03180266
-0.0046273163
0.023479726
-0.03742532
0.08279863
0.011915231
0.01766091
-0.0524129
0.04037401
0.032790016
-0.0049120947
-0.0014744792
-0.031231238
-0.06614542
-0.0569172
0.016259672
-0.030190993
-0.022732884
-0.0041030427
0.04310773
-0.0016856345
0.025904428
-0.009868736
0.047068544
-0.032037046
-0.02001807
0.005026929
0.041833352
-0.011562183
0.039756805
0.02512539
0.032727413
0.003954984
0.011297782
-0.023094822
0.006840246
-0.025463896
0.017113872
0.046711113
-0.018808687
0.014815465
-0.013082048
-0.022246188
-0.0013880542
0.004508193
0.013308639
0.022988074
-0.019340696
0.026869547
-0.040242013
-0.014887685
-0.0040994757
0.035775322
0.010445497
0.0335778
-0.06473299
-0.042532258
-0.035827287
0.014745451
0.03847232
-0.015631998
0.035228405
0.019833025
-0.0010675022
-0.067988604
0.025635773
-0.030153852
-0.010169857
-0.016045576
0.0008749961
0.016528519
-0.0078202365
0.023000238
0.002445079
-0.03523944
0.06441593
0.0008997139
-0.022995418
0.02932024
0.010953897
0.046394493
0.004080862
-0.030808061
0.02391388
0.012129492
0.0048378916
0.012817245
0.022001298
0.044910375
0.007342227
-0.016885119
0.018571485
0.028194383
-0.021801535
0.024364073
0.012230367
-0.015283317
-0.008064701
0.01423595
0.060911845
0.06296504
0.033704635
0.027830146
-0.0037439791
-0.009669709
-0.004349437
0.046583384
0.040416405
0.0028987408
-0.039785888
-0.024473526
-0.0036623192
-0.009141729
0.032720856
0.014820831
0.040278286
2.3263847e-05
0.04264055
-0.05066061
-0.006365358
-0.04575573
0.012311564
-0.0021810627
0.03501215
0.06595994
-0.025956603
-0.011627727
0.01767888
-0.002047289
0.007215569
0.049561623
-0.028229522
0.0042732516
0.009213351
0.0009389563
-0.021547103
-0.043471597
0.003600218
-0.040494762
0.013634469
0.010423447
-0.033287548
-4.7886973e-05
-0.017574178
0.05219956
-0.03864082
-0.052499335
-0.025281815
0.008087234
0.024626492
0.018355196
-0.02275562
-0.015377453
0.021963809
0.026627725
0.015213155
-0.050059315
-0.007210681
-0.002647745
0.015358373
0.013934824
0.015318694
-0.0009026601
-0.028673481
-0.005438445
-0.013812434
0.020011183
0.028302252
-0.01270428
0.0072989534
0.019393366
0.00092708896
-0.01900329
0.04195168
0.011746398
0.054857954
0.014248369
-0.041181847
0.0099658705
0.0031959533
0.008876014
0.009941454
0.04602099
0.031158108
0.07226314
-0.000823112
-0.05698711
-0.011893475
-0.0035429248
-0.020682951
0.006882963
-0.028372267
0.009727207
-0.0019925882
-0.012385708
0.016234847
-0.0076465467
0.011950102
-0.008669851
-0.0036911021
0.0017368288
0.0321765
0.012034677
0.06886772
-0.052800823
-0.0588906
-0.019737028
-0.0155514935
-0.01189113
-0.014103827
-0.0049367105
-0.007993445
-0.032343276
0.015533586
-0.023525238
-0.027752036
0.066634975
0.015206122
0.0069214557
-0.022767268
0.017023072
0.037925445
-0.026090052
-0.016825642
-0.019656196
-0.052083846
-0.010396866
0.048054863
0.020774284
0.017047085
-0.026755605
0.005313455
-0.025993487
-0.02096507
-0.012996519
0.009774813
-0.0015371052
-0.020875813
0.034794766
-0.013778758
0.024620576
-0.02461349
-0.009496233
0.0020904995
-0.0041435873
-0.05405014
-0.034379132
-0.0033173906
0.032749653
0.005690585
-0.010839808
-0.015600556
-0.026159447
0.029479677
0.035360362
-0.02236084
-0.006179823
-0.04462609
-0.019666562
0.026239315
0.0173476
-0.0434947
0.010889449
-0.012571082
0.024192171
