0.9066008
0.8522855
0.8893236
0.8637645
0.84217054
0.81546736
0.7541605
0.7296447
0.90594256
0.910633
0.86822003
0.8860254
0.9661601
0.89497674
0.7919604
0.8107399
0.8673745
0.79096276
0.776578
0.7649633
0.8039833
0.8796152
0.8726187
0.7640785
0.8241902
0.879722
0.92091095
0.7638793
0.7675522
0.80222684
0.8641391
0.7813997
0.8223231
0.8525503
0.86445063
0.85942155
0.7608479
0.8241526
0.8433386
0.68307257
0.8094797
0.8241583
0.80386984
0.76742893
0.79482746
0.8014227
0.89536345
0.7800169
0.8433556
0.8445175
0.8433433
0.81435525
0.7603818
0.90481746
0.84039074
0.7762308
0.8287842
0.7878579
0.81649476
0.7726049
0.81544006
0.7328383
0.8575091
0.7880813
0.789804
0.72503453
0.7831807
0.8295852
0.8802688
0.85185975
0.81944394
0.7984982
0.9033598
0.80716074
0.8039624
0.754907
0.9294457
0.8169321
0.80785656
0.8027031
0.7647278
0.7511536
0.7469088
0.832443
0.87447757
0.7773054
0.83230066
0.8350824
0.83664244
0.77705
0.7436388
0.8137959
0.9042104
0.8251313
0.7739148
0.73152435
0.8422775
0.81102467
0.85787076
0.8916425
0.9099647
0.8319126
0.93850714
0.84947133
0.84792024
0.8776696
0.7732761
0.8468761
0.8863289
0.72281486
0.9028599
0.8240936
0.73335445
0.7503996
0.7606488
0.8257915
0.8468172
0.8397847
0.9118691
0.8279904
0.8882575
0.79541504
0.8402369
0.8388504
0.8430723
0.88198143
0.7162417
0.76601505
0.8951189
0.81355137
0.9012874
0.7947175
0.7290991
0.7318121
0.7756399
0.80579937
0.8124151
0.89248836
0.74963534
0.8193855
0.77250856
0.7807894
0.8343796
0.8453708
0.8616767
0.89769614
0.79663026
0.7656779
0.8629206
0.9104149
0.8512113
0.7931609
0.7406748
0.82441837
0.82533956
0.89956766
0.8723411
0.9204276
0.8334955
0.8038973
0.771361
0.7991412
0.8592591
0.7825269
0.8149776
0.8187338
0.8737045
0.8686725
0.9377672
0.8019798
0.8796424
0.7618677
0.8178717
0.7841561
0.8151336
0.8740292
0.83294445
0.93328965
0.9060882
0.82916135
0.7484653
0.6844346
0.7759643
0.8638255
0.832333
0.80975765
0.76334506
0.75511557
0.8334623
0.85522264
0.84316283
0.8571721
0.8290634
0.8800275
0.8794813
0.7342463
0.8163053
0.7298864
0.8154976
0.86007136
0.77809507
0.82803744
0.8240242
0.8393736
0.81474936
0.8070663
0.8747627
0.7997266
0.88149166
0.7619588
0.86546576
0.8188131
0.8762772
0.82779616
0.70381904
0.79965585
0.7676801
0.7775028
0.6929477
0.856167
0.8518201
0.7456111
0.8361616
0.72775847
0.75397307
0.7939176
0.7760393
0.78798175
0.73392886
0.8758802
0.90828824
0.9175292
0.735353
0.890363
0.82421285
0.74601084
0.8125872
0.8232076
0.8265788
0.8489453
0.8317274
0.7165566
0.8425327
0.8654753
0.810269
0.8415731
0.8031856
0.7996405
0.8370555
0.8722741
0.809391
0.8208457
0.87797505
0.8633009
0.8941448
0.92929095
0.76639056
0.70741963
0.8669602
0.8308741
0.7613857
0.8637822
0.93136925
0.7561401
0.8663124
0.81330615
0.8671365
0.80278516
0.80560714
0.8087189
0.8728477
0.7942845
0.8310323
0.8007749
0.84289294
0.7951334
0.9391747
0.85024947
0.7324363
0.7716047
0.846984
0.80095315
0.8476133
0.86206496
0.8366224
0.8817953
0.7529078
0.7277489
0.8032962
0.95045674
0.893885
0.9427175
0.8101282
0.8269102
0.84907377
0.7643511
0.76684445
0.80380934
0.78681904
0.7522843
0.89223176
0.811207
0.91481656
0.8176648
0.6642945
0.95321214
0.88087606
0.7890806
0.8693939
0.8497741
0.8857978
0.8169891
0.8054001
0.8554529
0.7616476
0.8365914
0.7923523
0.74983007
0.7579679
0.7709688
0.8511169
0.7473322
0.85957396
0.8571818
0.92575103
0.84590673
0.8440091
0.80817574
0.7932813
0.79938966
0.91113716
0.80605674
0.9004918
0.7761544
0.8331411
0.81867504
0.7795492
0.8789321
0.8265938
0.7641035
0.7762967
0.84689426
0.7395017
0.8703238
0.8275809
0.9158893
0.8477612
0.7481682
0.7760167
0.7357584
0.8092638
0.8775161
0.88940656
0.880509
0.8144012
0.7379354
0.8126266
0.91753346
0.860462
0.8518454
0.8508905
0.7645968
0.7940104
0.8947906
0.8291377
0.8873209
0.825048
0.85865206
0.6881029
0.7788065
0.8884849
0.6770626
0.77162814
0.7884219
0.8798559
0.8034838
0.832953
0.84096247
0.7838549
0.83719456
0.8756264
0.8392921
0.85347825
0.84174645
0.78065795
0.76447964
0.80414426
0.82768786
0.73800653
0.8552229
0.83806604
0.78486717
0.8418993
0.79007983
0.7979259
0.8017194
0.89368236
0.8676495
0.8336328
0.86311704
0.7981334
0.81177807
0.8395703
0.9446113
0.78884196
0.81608737
0.84638363
0.83883727
0.89456654
0.9198219
0.77977985
0.8430222
0.8309383
0.8710563
0.8873875
0.8603636
0.8912767
0.7889488
0.85964435
0.7355532
0.8636032
0.772069
0.84710574
0.8866058
0.7444003
0.8250046
0.8539565
0.8084454
0.8025976
0.85051745
0.8367968
0.8329325
0.7176781
0.79964566
0.8557764
0.77473974
0.7867347
0.84663486
0.86129385
0.79362494
0.81315655
0.82446694
0.7987997
0.8483366
0.8755304
0.8818298
0.8530283
0.8320959
0.8586683
0.7775886
0.8387162
0.8321268
0.8439339
0.9269158
0.74015385
0.73438525
0.7708457
0.7896383
0.7677187
0.8441208
0.6961306
0.782922
0.8191722
0.77383757
0.8038732
0.854629
0.7306699
0.88265103
0.852417
0.9160925
0.834676
0.8265221
0.8170206
0.8710175
0.7511268
0.8368703
0.8919218
0.7969
0.8730102
0.78530276
0.9719592
0.7670675
0.8676071
0.8560514
0.831958
0.7881329
0.719894
0.8557498
0.81483454
0.8074953
0.8184411
0.78951263
0.8704183
0.8403733
0.89711946
0.81560755
0.8235299
0.7825447
0.9034238
0.7846229
0.79803437
0.87801737
0.91589105
0.8124019
0.886539
0.8444049
0.76632667
0.85511756
0.79454374
0.80200934
0.83505905
0.82764554
