0.024898022
0.20172676
-0.06958105
0.044608727
0.08340338
-0.31941456
0.34225067
0.12171228
0.1130059
-0.010201255
-0.14810035
0.15976468
0.13341476
-0.08461684
-0.11072375
-0.0029188916
-0.01943624
0.02046121
0.34133422
0.014014371
0.27641252
0.24163553
0.39922136
-0.04588011
-0.13969877
0.058995143
0.13438578
0.1370326
-0.27409777
0.039712325
0.11261975
-0.031518847
-0.30308926
-0.09562479
0.087438315
-0.0022859834
0.054771855
-0.040993687
-0.05325505
0.033599854
-0.07809853
0.052857548
0.10922704
-0.04924761
-0.08631276
0.054718554
0.008442134
-0.19220072
0.28845382
0.52202725
-0.278921
-0.17950511
-0.14072752
0.006700702
-0.29303712
0.087830715
-0.118122146
0.27006042
-0.23246323
0.000257276
0.12909332
-0.11226374
-0.14843217
0.027263597
-0.2251969
0.14592929
0.08913405
0.19069162
-0.31308982
0.1558066
0.09364074
0.033527046
-0.028126262
0.07917884
0.038619176
0.0440756
0.036530852
0.011229835
-0.02382879
0.04838419
-0.16932726
0.2187507
0.10515471
0.08355068
-0.27211732
0.03770461
0.28219882
0.023171037
0.37480575
-0.37330598
-0.085631825
0.17997745
0.12886815
0.040782347
0.25363126
-0.37842265
0.17935726
0.24146248
0.031471416
-0.125782
-0.015282899
-0.087837055
0.16156036
0.16499066
-0.07335646
0.08385619
-0.09026144
-0.41187996
-0.0008400008
-0.1646528
0.1527605
0.34504798
-0.2286826
-0.16433796
-0.12470867
-0.06386128
-0.015206836
-0.024009809
0.044073954
0.0349896
0.060293682
-0.11185011
0.17953062
-0.2045351
-0.00484702
-0.039655685
0.08930633
-0.050598525
0.09923391
-0.045304306
-0.17485736
-0.11638966
0.047848605
0.06526968
-0.37259158
0.07438946
0.12020527
-0.09884103
-0.13331519
-0.13257147
0.115367256
-0.19709216
-0.12884632
0.061202712
0.027114153
-0.042072102
-0.1398575
0.004326977
0.16986775
0.28594947
-0.020939559
-0.50244236
-0.19842866
-0.01758044
-0.123463005
0.04389307
-0.005575314
0.32252872
0.18029141
0.15819547
0.25350738
0.32039815
-0.18665409
-0.13171242
-0.07509532
-0.19635238
-0.29592508
-0.24948646
0.22539431
-0.10394223
0.0933266
-0.10182522
-0.14198616
-0.017368779
0.08174981
-0.06827141
0.047520667
-0.090592586
-0.082226746
-0.10560437
0.22434428
-0.089682475
0.01741055
-0.12306915
0.020994965
0.071314715
-0.25539374
-0.24676491
-0.07029949
0.07339755
-0.31403467
-0.16660428
-0.4865212
0.04136104
0.020740397
0.29250404
0.39803922
-0.014173694
-0.14003001
-0.09215579
0.056476742
0.033578813
0.06121858
0.20058402
-0.37854698
0.1715808
-0.07906388
0.24349304
0.19601604
0.21306118
-0.06459074
0.12130381
-0.056860283
0.25951177
-0.3819203
-0.16700079
0.042922113
-0.036983944
0.16805363
0.06325127
0.12123316
0.048265077
0.1811949
-0.020642743
-0.03404244
-0.109243825
-0.08735418
-0.32718062
-0.17818344
0.3837185
0.090289
0.011063457
0.043062888
0.12662664
-0.07090148
0.2142319
-0.18492478
0.012469709
-0.0014904737
-0.09135601
0.25316122
0.08067103
-0.19072041
0.22125171
0.48179507
0.047463305
-0.21699832
0.054282334
-0.110813774
0.20345512
-0.027121827
-0.037099414
0.009269908
-0.20257738
-0.038253278
0.04148692
-0.046162475
-0.06643064
0.3560365
-0.19908595
-0.26196867
0.03980554
-0.21634063
-0.29178116
-0.059013195
-0.023685578
0.15549704
-0.030401366
0.091667004
0.04236319
0.22176565
-0.044139862
0.15523276
0.015186667
0.37948024
-0.024048217
-0.03272457
-0.092817925
0.101557195
-0.031309783
0.03467633
0.2513054
0.27134138
0.15588605
0.21138883
0.25885665
0.2563262
-0.34899634
-0.014121674
0.2700741
0.20433289
-0.13824844
-0.0766159
0.008667778
-0.050181307
0.18185477
-0.21098554
0.13440447
-0.068133086
0.22722325
0.52661943
-0.13445485
0.17220074
-0.011981398
0.09406513
-0.37066406
0.24225123
0.2351568
0.3137411
0.29666865
-0.092106335
-0.08325119
-0.1278005
0.03771013
0.06759189
-0.07688327
-0.08089881
0.15553242
0.021086711
-0.22261196
-0.022596337
-0.24414645
0.13916545
-0.26063782
0.1793414
0.005257517
0.14762114
-0.34965765
0.17358515
0.061859272
0.080913134
-0.121533334
-0.23758054
0.16249342
0.3749534
-0.114695266
-0.11436836
0.39190078
0.0073495507
-0.14970419
-0.3023982
0.05906515
0.13495366
-0.003716085
0.03219427
-0.3257301
-0.011458479
-0.021817394
0.004358366
-0.004675869
-0.12535515
0.17855
0.007764958
0.064276814
-0.18615201
-0.018522218
0.016318649
-0.34612817
-0.09970491
-0.20734821
0.08960484
0.09940979
-0.04690504
-0.28647357
-0.06388757
0.08978514
0.0417345
-0.34339374
-0.30233458
0.16616106
0.04747337
-0.004335692
-0.13072029
-0.28223363
-0.007242173
-0.016706828
-0.14042948
0.05300406
0.2341628
0.070367195
-0.05077386
-0.18465668
0.1541582
0.16148801
-0.20301363
0.11615373
-0.05213006
-0.13331847
-0.17511338
0.07206715
0.27424368
-0.2828244
0.13273533
0.19273284
0.30239338
-0.17852205
0.056676548
-0.01508832
0.13005763
-0.06522301
