-0.12800343
0.029418241
-0.22758774
-0.028200869
0.062326882
0.0012056202
0.11876912
-0.08900658
0.029358478
-0.18294191
0.10877393
-0.1641506
-0.057465754
0.22278304
0.22810018
-0.24839184
-0.1510913
0.13111822
0.0032065269
0.069873706
-0.030662838
-0.06207095
0.09501743
0.015931195
0.054626044
-0.087030634
-0.27478492
0.039967388
-0.1967223
0.18850063
0.10501818
0.19076258
0.43270823
0.17606701
0.005093521
-0.04105529
0.07062497
-0.10843612
-0.23185237
0.01292618
-0.052416712
-0.107247785
0.06193352
0.012008325
-0.051650357
0.3352277
-0.07357496
-0.08811134
-0.0014434039
-0.028399989
0.10540594
-0.19314711
-0.037459098
-0.15165026
-0.126652
-0.03607874
-0.037398476
-0.18663818
0.017398955
0.11758983
-0.1347067
0.11693722
0.24007984
-0.11400102
-0.044602625
-0.017390706
0.04342465
0.084837
0.20419462
0.19228348
-0.038619116
-0.17609216
0.018013177
0.033369657
-0.043439534
-0.10603871
-0.12307477
0.15264021
0.25255495
-0.014025524
0.21853727
-0.0643946
0.033099394
-0.0176772
-0.071613155
0.09064876
-0.040867712
-0.024679288
0.048840832
0.18471842
-0.12091302
0.18992017
0.06350268
-0.0053073727
-0.08044173
0.058290098
0.058958016
0.060573567
-0.13668923
0.40594694
-0.02955813
-0.19790141
0.028409725
0.03133245
0.11234669
0.0818541
0.05547201
0.10456179
-0.026379017
0.16962984
-0.0012952351
0.0472166
0.07664286
-0.005056013
0.0983117
-0.29330528
-0.097098075
-0.15865014
-0.14867884
-0.15946989
-0.098992005
-0.16099496
0.016681114
0.06945664
-0.083382584
0.0035957678
-0.0051222597
0.020135373
0.105507374
0.14124872
0.07933154
0.23259848
-0.0062245466
-0.24141781
0.18182574
0.1304021
-0.038388297
-0.030888613
-0.04039214
-0.02725926
0.08224271
0.19085585
0.010635883
-0.06894241
0.06944667
0.106482595
-0.24521592
-0.18117562
-0.13027702
-0.1359501
-0.087345146
-0.05514221
0.031058025
0.018914694
0.041853238
-0.0010510638
-0.02096826
-0.20372699
-0.13786186
0.006154565
-0.10089558
-0.15673979
0.015936196
-0.08643563
0.115859196
0.14742267
0.028903725
0.009473812
-0.15709086
-0.016123094
0.1072038
-0.029855229
-0.28953856
-0.1545657
-0.2366167
0.052554928
-0.064892374
-0.051788576
-0.2318263
0.07021636
-0.11821432
-0.020074973
-0.12820429
0.22436059
0.072910726
0.011352546
-0.026001703
-0.015771758
-0.06593352
-0.17898871
-0.093477406
0.10900903
0.030838624
0.053176872
-0.20689353
-0.048756175
-0.069713935
-0.06570351
-0.052096575
0.2507174
0.07828718
0.12337721
0.085628726
0.2664038
-0.07864534
-0.14552504
0.08477811
0.020754537
-0.043694656
-0.029299308
-0.056519322
0.18541335
-0.0032839533
0.122400716
0.12505889
-0.15230404
-0.27108213
0.0005622035
0.36547422
0.106530845
-0.15671602
0.10345982
-0.072774276
-0.025373992
0.26831692
0.14341211
0.0044194665
0.20331629
0.056580637
0.04240059
0.09715318
-0.13848458
-0.18736039
-0.21457435
0.013886574
0.096207105
-0.14265624
-0.15218638
0.10147725
0.31255576
-0.023308486
0.21513318
-0.05973332
0.01104082
-0.18243802
-0.00051671686
0.1244355
0.041605663
-0.03480192
0.036180694
0.04489161
-0.0782664
-0.18122862
0.051648233
-0.11927048
-0.07272088
0.15963088
-0.055342168
-0.1344201
0.040808294
-0.18023631
-0.009458623
0.06986381
0.07363017
-0.17086875
-0.006600778
-0.29031485
0.026333932
0.16789441
0.17259696
0.13005354
0.16751857
0.014258665
-0.01823067
0.08563746
0.06921322
-0.10777938
-0.1410335
-0.06704784
-0.2404187
0.10254555
0.16752625
-0.02896171
-0.06953815
-0.3133285
-0.14566056
0.22633153
-0.10680776
-0.05790129
-0.1164373
-0.04106639
-0.28400585
-0.22219959
-0.10028939
0.08629507
-0.23755215
0.10042781
-0.02445236
0.17684224
-0.07436437
0.20871165
-0.11210051
-0.070930764
0.0387877
0.070468955
0.11905999
-0.16095944
0.13787583
-0.10863404
0.046268553
-0.077332385
-0.15996893
0.106243126
-0.017184366
-0.16771302
0.07596422
0.13871479
0.036910135
0.13709076
0.10315238
-0.11916599
-0.045442972
0.13836077
-0.036855426
0.025012055
-0.013013662
0.10073805
-0.11089402
-0.0075950297
-0.23165666
-0.025813505
-0.20332626
0.062073156
-0.036635876
-0.010251663
-0.051492013
-0.09525704
-0.0013362756
0.24365512
-0.25320926
0.07302262
0.06335805
-0.011444791
0.003823062
-0.20860219
-0.09194704
0.058633227
-0.04698408
-0.03356409
-0.24236158
0.086589836
-0.024572192
0.06350252
-0.036004793
-0.038662408
-0.003175735
0.15220873
0.06471595
0.15410188
-0.14308403
-0.05497186
-0.09450421
0.18093465
-0.031256497
0.019174153
-0.1772747
-0.1264991
0.16714348
-0.027518867
0.23465273
-0.18335167
0.041324466
-0.03333849
0.031780113
0.057285108
0.14005254
0.25667214
-0.05694635
0.07509538
-0.05667599
0.13054417
0.054899447
-0.08012929
-0.066097476
-0.029310895
0.041088715
0.20701104
0.07350863
-0.047852322
-0.26591212
0.0767961
-0.14607902
-0.116690665
0.11571821
0.026098466
0.07382552
0.019024516
0.23294471
-0.034883015
0.17367065
0.046751432
-0.15687041
-0.063247055
-0.14448486
0.041826643
0.011154654
-0.14886734
-0.0750439
0.076826334
-0.20931928
0.094980985
-0.049118377
0.07002931
-0.05127746
0.04855879
0.037437618
0.13181615
0.14096928
0.045113694
-0.18889903
0.08486499
0.09335744
0.0051445947
-0.07947702
-0.11900114
0.20720665
-0.037320394
-0.16307749
-0.054096818
-0.046679668
0.16591057
0.16716889
0.13331309
-0.054840896
-0.0022456928
0.16661432
-0.04946349
-0.25855926
-0.08087743
0.00468878
-0.0569603
-0.18298756
0.06425558
-0.054226134
0.17716153
0.1156153
-0.27623692
-0.109286636
-0.0497347
-0.04766653
0.0061717555
0.21641596
0.040129937
0.15086472
0.1489188
0.20905963
-0.12795901
-0.050971374
0.03453896
-0.14188264
-0.078612275
-0.015139466
0.11564063
0.057207834
0.10011425
0.062398892
-0.06642026
0.08977523
0.055661373
-0.01991425
-0.3788392
-0.038735442
-0.05570221
0.09672927
0.007540266
0.13366847
-0.047393855
0.16377011
-0.081073724
-0.20381899
0.10648314
-0.014172912
-0.07133562
0.0135496
0.06354702
-0.040349603
-0.016371964
0.11059357
0.2042697
-0.2774404
-0.024753405
0.0153350495
0.17437445
0.145006
-0.017763635
0.040547278
-0.21784297
0.18042496
-0.0024331964
0.24476595
0.09515932
0.22105172
0.0075837784
0.109041765
0.16156918
0.22692
-0.02382845
0.015022438
0.03684176
-0.006658553
0.030700542
-0.15120335
0.010139755
-0.238438
-0.098867275
0.046782672
-0.009668416
0.043297265
-0.21044098
0.10222384
0.031630196
0.02837612
0.18444443
0.1008061
-0.08519789
0.060476996
-0.04392363
-0.048911735
-0.12087134
-0.024800668
-0.049096435
-0.0031069366
-0.017679641
0.16143012
-0.10025022
0.0665661
0.015759695
-0.10163096
0.14249438
-0.060293056
0.17172696
-0.21094719
0.06829467
0.18824929
0.021803105
-0.01302339
0.07422153
0.129417
-2.6993941e-05
-0.24364991
0.10145311
0.19652875
0.12806852
0.22490364
0.06038562
0.035510484
0.016738266
0.2949473
0.30688107
0.10764333
0.22610043
-0.30524266
-0.018706644
-0.18752915
-0.08400818
-0.08743621
-0.10211034
0.0964455
-0.013099647
0.17095391
-0.022918679
0.22227533
-0.03491718
0.22099145
0.2763974
-0.043399516
0.004304585
-0.12912843
0.035810575
-0.25129834
-0.117962115
0.082571186
-0.015335156
-0.15049636
-0.11079247
0.18593585
-0.04168253
-0.370309
-0.09220172
0.1704378
0.15135941
0.08961455
0.07761542
0.0512381
0.108754836
0.09879021
-0.056541376
-0.08621617
-0.2491545
-0.08264461
-0.15130195
-0.07920201
0.042569198
0.12386836
0.01222514
-0.019127665
-0.06902232
-0.066609226
-0.27904475
-0.11559671
-0.2097294
0.022765124
0.09315463
0.008316032
-0.13328597
-0.016763918
-0.101635344
0.066681236
-0.00959831
0.0138687445
-0.07767711
-0.15767178
0.1352307
0.14060022
-0.017772645
0.0021883624
0.040943876
-0.007371405
0.29919416
0.04961292
-0.009750098
0.03442602
0.081249855
0.093355104
0.14952667
-0.009099051
0.2010987
0.09543683
0.038560174
-0.0064027556
0.08690665
0.07474528
-0.055641156
-0.0017981982
0.13586082
-0.04461978
-0.14798805
-0.08758686
0.19815108
-0.19521804
0.009069729
0.115991056
-0.04543576
0.07821442
0.015767284
-0.011796118
0.1441017
0.030609857
0.048369195
-0.19462815
0.004711951
0.09001989
-0.3105853
0.03795074
-0.13912784
0.074407056
0.0874695
-0.01903425
0.16601406
0.059518114
0.014958746
-0.19127731
-0.041937776
-0.15705368
0.084374614
0.20706685
-0.014290758
0.06568236
0.23778452
-0.10407439
0.113113336
-0.009851751
-0.20439672
-0.019922176
0.1147215
-0.019346837
-0.042039428
0.010607919
-0.12955831
-0.060909223
-0.04415198
-0.02343386
-0.1881372
0.124249965
-0.15187925
0.08039109
-0.097016685
-0.14430644
0.02640714
0.0284972
0.14131814
-0.08467834
0.05119972
-0.023829402
0.013494666
0.02644095
-0.11535361
0.26491848
-0.07727399
0.079003274
-0.16655476
-0.1447462
-0.034471348
0.078694485
-0.21247616
0.10337645
0.01855163
0.11645031
-0.0015083512
0.025322035
-0.040766396
-0.0963503
-0.023215782
-0.21656288
0.101396866
0.18260445
0.097626165
0.09657171
0.1674657
-0.10492015
-0.02401011
-0.038014702
-0.27011764
-0.06557261
-0.08175055
0.21031033
-0.031751074
-0.20350547
0.084993936
0.03742407
-0.07040358
-0.03630047
0.08576044
0.109277084
0.0059367386
-0.33246696
-0.104149826
-0.15913507
0.02553021
-0.049900956
0.087809704
-0.011113167
0.15329951
0.05425367
-0.17571244
0.07310025
0.10963457
0.06444504
-0.035439357
0.11055037
0.18953148
-0.078544766
0.0013648896
-0.023026273
-0.19203015
0.18583752
-0.05569056
-0.08151333
-0.005925522
0.060067568
0.107505724
-0.017697778
0.051049717
-0.12959701
0.21781468
-0.1055604
0.0837394
-0.025070338
-0.05979203
-0.13029008
0.121958576
-0.10443716
0.04447813
-0.19493689
-0.115250945
-0.068043016
-0.008082573
-0.051857777
-0.026690837
-0.060715064
0.040885806
-0.14032282
0.16818917
0.14056034
0.026227426
-0.025725579
0.15632142
0.15182447
-0.12461943
0.25417483
-0.0015632318
0.026522446
0.058990408
0.183237
0.096036084
0.08464971
-0.039855428
0.112050876
0.14534228
-0.02977709
-0.19495623
-0.04025487
-0.0926476
0.01832026
-0.20331238
-0.31983876
0.016184486
-0.082193345
-0.12830636
0.13425884
-0.00076087343
-0.087105
-0.118160255
0.005971229
0.21699397
0.007444313
0.0018624153
-0.13210976
0.34186035
-0.05636834
-0.1477577
0.044773877
0.04763135
-0.11404623
-0.08131584
0.00019035953
0.030087627
-0.14592959
-0.06725469
-0.1758695
0.15155788
-0.13704455
0.04106562
-0.028555524
-0.034447387
-0.0623011
0.1273816
-0.08311464
-0.055460624
-0.13594447
0.05810482
-0.12656079
0.1315743
-0.055603035
-0.010681965
-0.07729838
-0.064146064
-0.0039695296
-0.027006043
-0.07823747
-0.0594324
0.034221362
0.051863026
0.24804182
-0.21489091
0.0888722
0.027411386
-0.32623595
0.18517928
0.22663772
0.022128694
-0.12866206
0.014714464
-0.0652506
-0.09602976
-0.1545899
-0.060025398
-0.18772802
0.090381116
-0.0500708
0.18319382
-0.115267076
-0.013145709
-0.22700511
0.09631937
0.032965027
-0.1864472
0.040564537
0.07926421
-0.01960281
0.1339122
-0.10285179
0.09211158
-0.0220637
-0.06428861
-0.2904601
-0.101313114
0.0057412027
0.06684931
0.18623817
-0.14069135
0.017928295
0.086635865
-0.028486243
-0.15709765
-0.017427769
0.022089753
0.058593854
-0.03976326
-0.075687304
-0.021165876
-0.031199705
-0.13140549
0.004577999
-0.08083537
-0.12350404
0.019126533
0.11193348
0.018513639
-0.0035359636
-0.09256078
0.22870106
0.14376238
-0.021056825
-0.07222403
-0.16327456
0.19645023
-0.19509147
0.31867793
0.13369185
0.04797872
-0.0025401572
0.2186528
0.03473802
0.04995676
0.15342626
0.07128201
0.16800123
0.037987
0.058030218
-0.14105505
-0.13303493
-0.029839827
0.1202078
0.33829227
-0.11225354
-0.020127947
0.15347978
0.1142896
0.012952035
-0.022296777
0.10291848
-0.1616345
0.15797001
-0.035711274
-0.07761169
0.09108882
0.11786372
-0.055808354
-0.13869737
0.21763113
-0.32388893
0.1306649
-0.01143426
0.020712756
-0.020330079
0.09559056
0.26558578
0.12680656
0.058784664
-0.13237794
0.0971467
0.06776312
-0.031533703
-0.062145416
0.08888804
-0.026251704
-0.10102414
-0.1621481
-0.1692198
-0.04256204
-0.0414343
-0.08872596
0.028016308
0.23731737
-0.011353773
-0.12125916
0.024894657
0.054773707
0.19304821
0.17588325
0.16045651
-0.013623447
-0.057938464
0.17481166
-0.043939542
0.19230273
-0.018624727
-0.032189716
0.0134919165
-0.03552641
0.15656091
0.034564126
0.16991754
0.05534173
0.031627093
-0.03616209
0.044217028
-0.06402308
-0.21994881
0.07797674
0.0620849
0.14536388
-0.076352194
0.030145198
-0.121790566
-0.06391926
-0.06606942
0.1622944
-0.088035166
-0.11923057
0.017779088
-0.11134435
-0.095390595
0.022329874
0.11015962
-0.03043327
0.04294037
-0.11754028
-0.13280937
0.034927838
-0.12883417
0.13231644
-0.21819896
0.19306679
0.12753168
-0.1306336
0.099321626
0.15922822
-0.15923573
0.20180051
-0.07980619
0.15134247
-0.031239338
-0.025258971
0.21939419
-0.017379565
-0.1720853
0.099742256
-0.12702018
-0.12805644
-0.07780583
0.073325194
0.0013187588
0.052858476
-0.07132064
0.21378721
0.05934752
0.20633554
0.15068199
-0.1559113
0.23889263
0.06379026
-0.20199123
-0.12700152
0.10328333
-0.071404964
-0.016018394
0.03911224
0.07499513
-0.049689706
-0.07163754
-0.04012957
0.017819887
-0.15723918
0.06519641
-0.13416451
0.06797176
0.010535925
0.20160258
-0.05217721
0.035694502
0.085219175
-0.009259531
0.07106756
0.08193974
-0.0039127152
0.1486931
-0.10673616
0.14307666
-0.04513631
-0.08914857
-0.086955495
-0.0536708
-0.06496692
0.23409054
-0.08782301
-0.094560586
-0.18553421
0.07108884
0.21288188
0.025676275
0.13384718
-0.15338716
-0.007357428
0.067066245
-0.06168307
0.3039857
-0.1541526
0.233368
0.036896773
-0.08010845
-0.03174176
0.027005577
-0.36058176
0.0794244
-0.051783845
0.13074383
-0.092585094
-0.08173643
0.24613534
0.023415124
-0.09225102
0.08414064
-0.04333501
0.19035949
0.1926476
0.1498685
0.017917953
0.00185998
-0.09438601
0.16315718
0.15473604
-0.034440134
-0.038666554
0.009562585
0.19986434
-0.2785057
-0.004774413
-0.15172565
-0.011990226
-0.0993435
-0.03253353
0.16948129
0.1457929
0.2606101
0.03700921
0.16907151
-0.23018293
0.28172848
0.045501333
-0.033919718
-0.12563185
0.19908217
-0.052196912
-0.07676021
0.25058562
-0.1735685
0.03135482
-0.022332167
-0.0454309
0.09970273
-0.06594468
0.07846705
-0.004815937
0.041722592
0.037595835
-0.031257898
-0.037153732
-0.3595116
0.12504505
0.007815189
-0.13752364
-0.002564992
0.034134693
-0.16211477
0.013209871
0.26554242
0.011561352
0.15832937
0.16494581
-0.080382615
-0.063873395
0.13674784
0.046615876
0.030876538
-0.08128365
-0.19709979
0.055417314
-0.10533798
-0.17807417
0.04569356
0.16569333
0.04730431
0.14334998
-0.084425464
0.018547187
-0.19390519
-0.021701332
0.05224763
-0.17778672
-0.30001038
-0.06664179
-0.041910157
0.17435241
-0.21172823
-0.010997912
-0.0031646101
0.04060011
-0.1163419
-0.021574492
0.16548546
-0.060126495
-0.13687655
-0.2244348
-0.088141866
0.17160547
-0.25768653
-0.078328066
0.055677556
-0.034751978
-0.15814474
0.11057988
0.078813866
0.053594958
-0.30951592
-0.0020800729
-0.008856693
-0.13377629
-0.14841916
-0.07565172
0.1260878
-0.19125554
0.07492897
-0.028040566
-0.016247075
0.02520812
-0.017629629
0.04276563
0.20738384
0.09747504
0.012707078
-0.0050944937
0.09395582
-0.10469028
0.09309426
-0.0668065
0.31230178
-0.028482608
0.047932927
-0.04602838
-0.06737207
-0.04270966
-0.007886316
0.12809017
0.0066549303
-0.07521123
0.10481168
0.04327981
0.1935273
-0.156031
-0.09988967
-0.011534094
-0.029613862
0.2386862
0.14294553
0.07988317
0.04998672
-0.005156981
0.04982472
0.096913934
0.19552243
0.09424766
-0.1758006
0.0646659
-0.05461159
0.098490044
0.060027935
0.15342517
0.0037043595
0.21025266
0.039847825
0.0606872
-0.07573248
0.1901477
-0.03990923
0.019338924
0.039156098
-0.069483735
0.00043438945
-0.06684759
-0.055202004
0.224477
0.13951282
0.14382516
-0.052514743
0.13834478
-0.07549512
-0.19822425
-0.11032329
-0.096870735
0.16957106
0.03712068
-0.04391571
0.05732784
-0.143993
-0.029341735
-0.15794642
-0.026089367
0.14260927
-0.3379841
0.019475486
-0.012312142
-0.1236133
0.2352301
0.07803622
-0.00038252657
-0.02683902
-0.029277962
-0.07513275
0.14372845
0.1858799
-0.069172196
0.10237903
0.16318972
-0.1429799
-0.10806676
0.04849366
0.11783553
-0.051188592
-0.04986295
0.15408966
0.16971603
-0.044490196
0.14726578
0.04278289
0.046183098
-0.08679811
0.056917127
0.16698164
-0.011045542
0.14497976
-0.12334554
-0.113018304
-0.020137642
0.210977
0.089070044
-0.057042435
-0.120762266
0.11900186
0.16230923
0.06539594
0.018351683
0.054110013
0.1685286
0.33736283
0.15497822
-0.08332789
-0.009198763
-0.04264452
-0.13554008
0.09439335
-0.19401589
0.10588273
0.18745443
0.020280963
0.253506
-0.00975259
0.058909833
-0.10955573
0.18008378
-0.065308586
0.0919978
-0.19347093
-0.03811994
-0.07883406
0.091049895
-0.1985988
0.068269305
0.14792776
0.04592522
-0.019502975
-0.071540035
0.0619867
0.025684942
-0.07259415
-0.24131916
0.0149059845
-0.029570948
0.12912549
0.057428014
0.11927583
-0.07702157
0.16417085
0.028564496
-0.22536086
0.30394202
0.011430003
-0.06626799
0.061388534
-0.16121554
0.005879254
0.0021079688
0.2248448
-0.13507244
-0.0695407
-0.16132125
0.028154211
0.21589153
0.22902946
0.27303272
0.07214984
-0.018793711
0.11211013
-0.19013953
-0.030194405
0.060273577
-0.038482305
-0.17277297
0.23584251
0.0052897306
0.12878884
-0.20777717
0.019543191
0.065290034
0.15126574
-0.086870536
-0.17714015
-0.026424795
-0.047754478
-0.09996345
-0.094552934
0.015130659
-0.04476484
0.014198048
0.12444051
-0.20944278
0.14205858
-0.007048702
0.0964454
-0.12308845
-0.072081275
-0.026105395
-0.15075465
0.03884576
-0.2623621
-0.007372862
-0.050211173
0.114088416
-0.048491523
-0.022355776
0.03997795
0.042696454
0.06639759
0.042058136
0.021944784
0.10394266
0.13070743
0.11914322
-0.23183686
-0.11014287
0.009064003
-0.09066306
-0.4397542
0.17425342
0.08281847
0.07471363
0.070856586
-0.10928445
-0.046022724
-0.018276673
0.21197033
0.0068117077
-0.110963784
0.1382698
0.04164682
0.18539189
0.008583504
0.07601226
0.01701421
-0.103214845
0.088904575
-0.17345211
-0.15310039
-0.036553893
-0.052178934
-0.10266974
0.027802031
-0.0053946828
-0.040823787
-0.16390795
-0.038359866
-0.19428748
-0.008287905
0.28115025
0.20038848
0.06836884
-0.10697782
-0.050956223
0.03599618
-0.19030128
-0.024497647
0.027153246
0.1612999
0.20465061
-0.12007184
-0.058000173
-0.017970776
-0.0031795385
-0.067085326
-0.041002363
0.14914165
-0.13858128
0.12756786
0.26500866
0.06327768
-0.024803303
0.07500608
-0.021683948
-0.0073805354
0.008605206
-0.014763599
0.16014123
-0.016745707
0.1382719
-0.2312527
-0.1629802
0.0617863
0.09832779
0.05064645
-0.17892465
0.17516667
-0.16443832
-0.047909953
0.09276793
-0.008529275
0.010924787
-0.14171131
0.07026425
-0.015564483
0.024985565
0.16632189
0.020824362
-0.07659527
0.106791414
0.19786924
-0.09528141
-0.06971594
-0.07689712
0.1113869
0.018764017
-0.06098793
-0.009826982
-0.08123071
0.11540997
0.03359518
-0.21402241
-0.10934457
-0.06676933
0.16036977
-0.086073466
-0.08841254
0.08605595
0.048899636
0.2629659
0.04406353
-0.011431811
0.08520275
-0.08608797
0.035750695
-0.013460481
-0.22295488
-0.1087926
-0.08491069
-0.09717844
-0.1263585
-0.06415798
-0.08841561
-0.11823906
0.03788593
-0.0092222765
0.00011538507
0.092558615
-0.18795682
-0.06283258
-0.07910647
-0.119129226
0.40911242
0.12604845
-0.039874595
-0.05383365
-0.05131421
-0.08631356
-0.09503993
0.08315886
-0.1718149
0.090453394
0.08130361
0.033237714
-0.1252822
-0.04499856
0.02414516
0.16626236
-0.014557174
0.050182328
0.05284909
0.18583539
-0.084087364
0.035191003
0.07271476
0.025633344
-0.1593658
-0.0061013177
0.13200922
0.05516706
-0.04683076
-0.1566021
0.096881494
0.0615473
-0.0148913
0.044648338
-0.0377011
-0.14227317
0.037031803
0.037933566
-0.057362363
-0.19649597
0.059450634
-0.12082031
-0.086550675
-0.011868829
0.029320175
0.08177341
0.05531096
-0.12751573
-0.0007018821
-0.0152596645
-0.014807107
0.042087823
-0.121476136
0.16411345
-0.20964538
-0.010029236
0.019510709
-0.105647475
-0.10119645
0.012489364
0.13691132
0.045458518
0.12758955
-0.03710807
0.010455851
-0.09106397
0.12355391
0.03790189
0.1467554
0.1476393
0.1469
-0.1575298
-0.07204965
-0.16730931
0.09250396
-0.07888227
0.07312182
0.04752686
0.20747417
0.18353437
-0.06437357
-0.19834405
0.008007392
0.0012708938
-0.07205828
0.0399384
-0.13662522
-0.14950667
-0.22476317
0.06271109
-0.04528225
0.26433218
-0.31630504
-0.13807797
-0.12123041
0.08492875
-0.04521113
-0.00045095658
-0.082544185
-0.014916377
-0.035298694
-0.03441907
0.019047886
0.12735717
-0.08356858
0.11908819
0.01888925
-0.18939541
-0.035208832
0.014408947
-0.006864217
0.060579553
-0.33223382
0.0031023799
0.07464354
-0.07442882
0.29275286
-0.17648187
0.022251317
-0.08061315
0.056311965
-0.039162308
0.14493404
-0.034784358
-0.117190845
-0.21881041
0.13929315
0.029066045
0.07124764
0.09058082
-0.11945578
-0.030177308
-0.07262771
-0.08344823
0.15151455
-0.03328649
-0.0140193775
0.20296794
0.042947162
-0.15577391
-0.0680889
-0.09755377
-0.16017874
0.06739731
0.13628007
0.0019710949
-0.16103306
-0.18169098
-0.070415966
-0.11259113
-0.0070806155
-0.26225263
-0.05746032
-0.02667061
0.09727186
0.091800265
0.051395033
-0.03550331
0.12804393
0.084514365
-0.047389895
-0.0740422
-0.095101625
-0.21953885
-0.01035002
0.047524378
0.05352776
0.2118818
0.024129856
0.04923049
-0.023603743
0.18947132
0.15044203
-0.010011989
0.16006371
0.031232964
-0.040667087
0.036884535
0.22009149
0.14899753
-0.016202647
0.052049123
0.004785455
0.19539118
-0.14748324
0.071289726
0.013144875
0.10072174
0.22439551
-0.015529747
-0.06642712
0.37199026
-0.13470204
0.16547039
-0.07832516
0.1542958
-0.36284995
-0.029212745
0.06217164
-0.07221359
-0.079399295
-0.033557724
-0.14491232
-0.11488722
-0.08829281
0.06991246
0.042216826
0.03161539
-0.051607527
0.26227054
0.09161263
0.08342946
-0.19521484
0.012456384
0.010546642
-0.00027720787
-0.0112819355
-0.1409787
-0.028883912
0.041245043
0.1860067
0.13880242
-0.09531496
0.073595814
-0.037632305
0.060133107
-0.01806839
-0.009317483
-0.08008768
0.24129201
-0.008411968
-0.015075054
-0.018894527
0.16556688
-0.05447187
-0.14834544
0.07078317
0.25900742
0.10234219
-0.04262961
0.262051
-0.102064736
-0.21646531
0.08759183
-0.0626863
0.05125443
-0.016323725
-0.19500376
-0.32770285
0.11397079
0.10470981
0.15668187
0.10950334
0.015588683
0.030337172
-0.1671418
0.09603088
0.055471394
-0.14737184
0.26948905
0.21832994
-0.13485946
0.06701807
-0.12794402
-0.15444687
0.19305035
0.07281483
0.03258316
0.06092385
0.20050348
-0.24196702
-0.024055438
0.0047226297
0.040039435
0.052123126
-0.100709476
-0.05567047
0.08312807
-0.0328113
-0.11427094
-0.06524451
-0.18761155
0.21193382
-0.13429993
0.100503504
-0.11906666
-0.17133406
-0.22743402
-0.19035722
0.06634801
0.19320737
0.23316729
0.29898685
-0.02108463
-0.019403901
-0.014090456
-0.117176294
0.036013473
-0.044875573
0.12604138
-0.27543932
0.2663131
0.07585584
-0.063809514
0.1820837
-0.140112
-0.2110469
0.100239806
-0.034860898
0.11275663
-0.03945261
0.3308453
0.038340844
-0.050423723
0.060219403
-0.19201303
-0.025741316
-6.2114435e-05
-0.022960205
0.035824426
0.26239738
-0.042249747
0.1518672
0.055561937
-0.2417002
0.2731796
-0.10057154
-0.0021686363
0.19792776
0.011180962
-0.18739507
-0.017354352
-0.15195145
-0.0815167
-0.17363673
0.21875522
-0.16846544
0.11001192
-0.25379705
-0.24700859
-0.14452258
0.17543395
-0.061124895
-0.01801764
0.11774153
-0.047101036
-0.1807598
0.017297259
0.043191507
0.30936724
-0.14276221
0.103649475
0.1477561
-0.13261771
-0.17822282
-0.052009664
-0.013663881
0.25855216
0.03833808
0.080616996
-0.034586202
-0.10923421
-0.073415026
0.20902056
-0.14595704
0.0017913867
-0.26363
0.044946786
0.21997957
-0.029634269
-0.10457357
-0.09259379
0.11137998
0.14693306
0.0826936
-0.16739535
-0.019084392
-0.032527287
0.14919022
-0.13914944
-0.03147622
0.077949345
0.17113559
-0.13578121
0.082124025
0.37795112
-0.105948344
0.1200248
0.07415384
0.037645347
-0.099074475
-0.021561308
0.03087592
-0.10049184
0.35277948
0.11477719
0.0958099
0.17385434
-0.055259712
-0.01121189
0.18311563
-0.050317448
0.030140717
-0.15754065
0.30197674
-0.11842393
-0.16648294
0.11561903
-0.04692526
-0.054939326
0.05262599
-0.10301162
-0.22610433
0.043017387
0.066115424
-0.16018163
0.20438828
-0.015193146
-0.16410995
0.092657976
-0.10182988
-0.02276149
0.008798102
0.105183624
-0.09340965
-0.10852337
0.044415027
0.06575199
0.040529553
0.017401647
-0.113546014
-0.046750784
0.0120136
-0.06145624
0.22748218
-0.2846664
0.189731
0.027712477
0.18224135
0.12625875
0.13073823
0.12505639
0.024706446
-0.031046288
0.03709319
-0.40045077
0.11096164
0.092838444
-0.149525
-0.003481296
0.010514735
-0.12926707
0.15723315
0.19300567
-0.08592425
0.09364327
0.18911034
-0.21792266
-0.011567764
0.1251739
-0.13165413
-0.1635146
0.05802339
-0.071452305
-0.102772914
-0.075163215
0.10325395
-0.055995204
0.14198622
0.19824412
-0.16632225
-0.07414485
0.036339745
0.055604786
0.03830995
-0.18274543
0.1306728
-0.14502487
0.074026674
-0.08959949
0.21140705
0.081980556
0.18083213
0.16777521
0.053615343
0.06897546
-0.053250305
-0.19135837
-0.2357202
-0.1077405
-0.051078595
0.04675011
-0.10766718
0.08840736
0.08330732
-0.20019774
0.10132594
-0.06419125
0.05920751
-0.077294506
0.21771981
-0.13820882
-0.101731054
0.35181054
-0.0393526
0.06910182
-0.010217202
0.17819794
0.02811827
-0.06654383
0.01314281
0.19777453
-0.047703445
0.0068708803
-0.18808268
0.0083976025
-0.18131772
-0.059367817
0.046782743
-0.1687107
0.18809584
-0.08601013
0.0053902157
-0.048884925
0.13813311
0.11809498
-0.08961214
-0.0035201462
-0.07360956
0.059735443
0.074428506
-0.06261785
0.022961555
-0.11219385
0.1500578
-0.19426477
-0.010107178
0.1583106
0.041223787
-0.1986373
-0.16963904
0.10538976
-0.11888946
0.16946359
0.19933544
0.20300366
-0.014739747
-0.008861169
0.09534061
-0.02245403
-0.113458194
0.17690547
0.19022651
0.13957255
0.15886359
-0.09324257
0.2882029
0.13587284
0.015684422
-0.05157033
-0.080259204
0.17495972
-0.042015493
-0.07551147
-0.03925017
-0.07702953
0.05524184
-0.13851175
0.14147708
-0.27167618
0.01730544
-0.006767781
-0.1695238
-0.12271449
0.0349825
0.3094322
-0.031756893
0.11547634
-0.038585383
-0.19832729
-0.03416561
-0.0015927568
0.08432489
-0.0099261515
0.1613928
-0.024225285
-0.011723677
-0.008485738
0.15482605
0.12929069
0.13328747
-0.008293433
-0.2818657
0.16966215
0.05685634
0.02035912
0.07661143
0.15964395
-0.27544415
-0.11755506
-0.10739918
0.064443715
0.25413603
-0.01501187
-0.04142558
0.0052763675
-0.051325783
0.2609718
-0.3311723
-0.07014069
-0.094142824
0.009254336
0.048763715
-0.09000564
0.1412942
-0.03044318
0.13895926
0.08356099
0.040218566
0.23737088
0.10204205
-0.055523496
0.14933823
-0.024304533
-0.3133071
-0.14736602
0.17392436
-0.22380215
0.047738124
0.19536175
0.048233237
-0.1370646
-0.027796943
0.12892176
-0.008996572
-0.18453556
0.040049274
-0.08428699
0.09137707
0.024025274
0.046138234
0.056571174
-0.10181624
0.09058725
0.20035253
0.112474725
-0.0046268757
-0.0856728
-0.102923505
0.19509712
0.04650135
0.10681993
0.057225864
-0.054892365
-0.03283039
-0.33546424
-0.4757566
-0.16234885
-0.058359146
-0.08507632
-0.13972476
0.05027448
0.095353454
-0.105866365
-0.12299501
-0.26849318
0.06648505
-0.08779952
-0.010057996
-0.102618724
-0.037299123
0.034810837
-0.14289816
-0.35626844
0.061054394
-0.36298567
0.1738947
-0.09440051
0.027965942
0.13529435
-0.17447668
-0.20355071
-0.06257191
0.41925052
0.018040903
-0.023327107
0.053691316
-0.18637407
0.11591921
0.13377178
-0.000566677
0.19209495
-0.19357242
-0.12683062
-0.24415898
0.059272345
0.16523013
-0.02498488
0.16356027
0.03450003
-0.27665812
-0.09889501
0.14889611
-0.13400006
-0.029153284
0.14816955
-0.029115455
-0.016135206
-0.4342437
0.0843944
0.26560822
0.0743543
0.07249533
-0.07160762
-0.036921315
0.065404005
0.043675136
-0.038912088
0.21088545
0.075394616
0.12871647
0.04769026
-0.049283195
-0.11498464
0.05360664
0.1133909
-0.06300469
0.016015572
0.030860258
-0.07181179
-0.222131
0.091371536
0.038274545
0.07224603
0.13712691
-0.20678748
0.24729593
0.10802711
-0.14327736
-0.013258435
-0.25785214
-0.11545221
0.042347938
0.0077539827
0.13659377
-0.08651984
0.01839878
0.104802735
0.12140662
-0.060528837
0.1709454
-0.20302501
-0.30639863
0.020644642
-0.054801702
0.14764243
-0.24660577
0.07170127
0.042968288
-0.0026477727
0.038415052
-0.10856069
-0.044562843
-0.1278584
-0.03387603
-0.14020437
0.2599396
-0.029592155
0.12718913
-0.01485354
-0.11174818
-0.051913947
-0.0038700677
0.069301486
-0.068268895
0.19816339
0.06145248
0.1590141
0.11773678
0.0217114
0.038489804
-0.07520433
0.18466775
-0.0048168083
-0.11177165
-0.031261183
-0.003793304
-0.24518886
-0.13795783
0.23137954
-0.026622942
-0.024492774
0.049762465
0.09305528
-0.16043362
0.23742029
-0.08588826
0.15964395
-0.06280831
0.09246157
-0.086890556
0.1069379
0.016461771
0.07301285
0.006000905
-0.044299208
0.30854633
-0.09850659
0.13138674
-0.033192217
-0.109692305
-0.01077239
0.11388968
0.16929163
0.048831295
-0.021583322
0.21811292
0.075832926
0.012179307
0.008893228
0.30891773
0.04474546
0.0560065
0.0047442997
-0.24682471
-0.04453805
0.0067180037
-0.11836482
-0.044686478
-0.06028607
-0.024143364
0.1614509
0.1484674
-0.04379015
0.025777966
0.04013336
-0.3781552
0.21651818
0.026245466
0.11412605
0.059183873
0.07343244
-0.01974954
-0.08213695
0.14260136
-0.079408586
-0.03921433
0.03748438
0.10874973
0.0028301128
-0.05713856
0.26259363
0.059365682
-0.03374806
0.035287105
0.036805175
-0.2517172
-0.16199622
0.06732802
-0.10214183
-0.06949442
0.12185348
0.11694533
-0.16888963
0.053420994
0.049892273
0.19922453
-0.077089675
-0.16344221
-0.024238091
0.013437428
0.0527577
-0.32181072
0.064650096
0.22231068
-0.09560588
0.07297351
0.10888253
0.1386717
-0.025571514
0.2202304
-0.021838842
0.15858656
0.07156546
0.13245708
0.20837972
0.13437992
-0.07840778
0.108500674
0.022416323
0.009824894
-0.118347354
-0.036322985
-0.039272036
-0.16046214
-0.08246134
-0.017146124
-0.08369184
0.018958522
0.2206102
-0.123323835
-0.10591301
-0.10248383
0.15090191
-0.010785403
-0.14333043
0.119663
-0.030686416
-0.024263864
0.011444334
-0.06808626
0.06735837
0.1716107
0.051187966
-0.10691408
0.10510111
-0.14843465
0.12934858
0.17468132
0.13901836
0.065902464
0.031525627
-0.053087287
-0.18635878
0.1833679
-0.15960687
0.026248073
-0.057904042
-0.10074019
-0.09833487
-0.009288295
0.05864131
0.120636806
-0.22008416
0.12378001
-0.09732085
-0.013372748
0.011246997
-0.149209
-0.06463117
0.3025479
-0.22124574
-0.1536076
-0.036311205
0.02798537
0.118273556
0.20824212
0.06927696
0.078389004
-0.06651754
0.08604987
0.04482639
-0.09887622
0.11594661
0.020548802
-0.028665543
-0.08663175
0.04169963
0.3295781
0.18677162
0.019764142
-0.09560265
0.04970921
-0.10655403
0.036138393
-0.012197941
0.041158177
0.07741923
-0.0036918651
0.26468715
0.14054054
-0.07089933
-0.06935375
0.08754799
0.0019704634
-0.09494006
-0.04911419
0.06872009
-0.009358479
0.14441898
0.044620447
0.2508372
0.048622377
-0.10296209
0.06104714
-0.017380148
0.100635774
0.35267273
-0.1307576
0.12754494
-0.0173585
-0.057741668
0.24369189
0.105345875
-0.058187347
-0.14914034
0.03335767
-0.013458054
0.038369197
0.11853312
0.18817535
0.12076444
-0.07492282
-0.03946728
-0.20235038
0.17738892
-0.11583469
-0.02914579
-0.11448815
0.07597708
0.036055338
-0.049195636
0.34335044
0.10907723
0.032696612
0.06823699
-0.3237328
0.15069328
0.009208449
-0.06259313
0.11970832
0.17618825
0.103707194
0.0521907
0.12773658
0.03274332
-0.13899529
0.21709014
0.14422965
0.065501675
-0.11316959
-0.060051568
0.03691237
0.045478664
-0.11203744
0.30703127
0.095225535
-0.06996205
-0.16542855
-0.16864811
0.0024047808
-0.07080571
0.09566491
-0.0100755505
-0.065096445
0.05009284
0.2520804
0.07243551
0.013223025
-0.06534106
0.15539375
-0.042481076
0.19923258
0.030386148
-0.08783259
0.09569228
-0.16242094
0.16435404
0.041693922
-0.10511004
-0.06272046
0.056376774
0.097784
-0.06287742
0.0023218128
0.11385977
-0.16822985
-0.0579771
-0.09478974
-0.0016444625
0.07944631
0.018701943
-0.10718619
-0.003950883
-0.024937725
-0.07473224
0.050721176
0.31210002
-0.09108492
0.087480165
-0.07251807
-0.031911206
0.13843809
0.025466831
0.09417702
-0.121451475
0.023218913
0.009953875
-0.12248498
0.13865599
-0.13370983
-0.14225182
0.10852872
-0.116445035
-0.047567096
-0.050388344
0.005603423
0.09245908
-0.07505864
0.0071613467
-0.06464972
-0.11667824
-0.12734435
-0.06218933
-0.009418105
0.17303333
0.195084
0.20560199
0.14988266
-0.022106059
0.23528148
0.19109282
-0.06940084
-0.006919866
0.02907232
0.07392049
0.08963544
0.024505854
-0.09047176
0.17438014
-0.04239292
-0.05477351
0.016793018
-0.06575884
0.09216408
0.04885473
-0.07597882
-0.049656544
-0.006531049
-0.03459534
0.120492354
-0.035083394
0.31415302
0.21162976
0.02486311
0.05867098
-0.029291337
-0.100489385
0.15629418
0.20876792
0.06579684
-0.0019306828
-0.00526735
-0.094755314
0.0657229
-0.15777737
-0.09890195
-0.0804745
0.067850426
-0.0031622602
0.28791964
0.017033767
-0.044752184
-0.011590835
-0.1654221
0.08319331
-0.08233571
-0.16315019
0.03679747
-0.10254083
0.16287743
0.24747865
-0.026344137
0.10680428
-0.16695265
-0.0020861789
0.027178688
0.020368492
0.22310348
-0.05611086
-0.018082941
-0.16209859
0.20297521
-0.21965697
0.059101105
0.22276
-0.039466366
-0.15182792
-0.026292928
0.111713424
-0.10350175
-0.022221375
-0.005980005
0.2541025
0.25725958
0.009684921
0.10982309
-0.22498167
0.16183817
0.26617295
-0.031098694
0.068969734
0.17085406
0.119436964
0.09244298
0.10334879
-0.16385376
0.17367934
0.07883147
-0.014133226
0.09390874
0.055708237
0.12837976
-0.14140017
0.007147933
0.06303954
0.034998924
0.1709897
0.074282914
-0.19724596
0.030326225
-0.03386546
-0.039374765
-0.103662804
-0.1701437
0.087163225
-0.2125812
0.13091604
-0.022262502
-0.19137919
0.2207417
-0.15888542
-0.098635204
0.101493
0.049571246
0.03612718
-0.09551038
-0.007920735
-0.1542102
-0.012808836
-0.17735966
-0.0021966223
-0.016867101
-0.02434236
-0.008750351
-0.15985708
-0.06238049
0.04442903
-0.030201348
0.013034059
-0.041576467
-0.034356844
0.13375589
-0.1530981
-0.105604365
-0.0707334
-0.07085257
0.099101186
-0.062709495
0.16905749
0.101648994
0.14103703
0.15140796
0.123318195
-0.16089262
0.24727303
0.08945757
0.089562386
-0.1676019
-0.17617041
0.07910362
-0.010630021
0.010911581
0.17233293
-0.13022427
0.008800708
0.05244665
-0.051247634
0.18055436
0.010349937
-0.24554868
-0.09835983
-0.36943078
0.039851528
0.001782595
-0.23452389
0.092092186
0.032112557
-0.120698646
-0.060425166
-0.026372824
-0.08117356
0.0460831
0.076032594
-0.0016326772
0.04972319
-0.16134782
0.043265935
-0.0768925
0.031350277
-0.041223235
0.08270435
-0.012646849
0.006311567
0.053868636
0.06581934
-0.15569316
0.022502076
0.0077060256
0.12763049
0.033110425
0.0846628
0.12035971
0.13989705
0.20481163
-0.062260896
-0.13143958
0.19469261
0.03177814
-0.1123039
-0.07239859
0.0056052166
-0.11408473
-0.017125348
-0.34402627
0.0248925
-0.032057427
-0.14814715
-0.13880265
-0.052847683
-0.08043471
-0.14371309
-0.091446325
0.12996916
0.0016113223
0.09071243
0.0541726
0.0058918474
-0.045933403
-0.09512066
-0.397494
-0.049209893
0.005683837
-0.2718347
-0.08895719
0.026787896
0.10433648
-0.056189053
0.072875105
0.28050232
-0.121657126
-0.0648145
-0.01850004
-0.12713
0.012405265
-0.18436325
-0.013301409
0.043077156
-0.027850691
0.014350425
0.0022937597
-0.0008748669
0.30146185
-0.11276403
-0.06478618
0.0020393555
0.18487558
-0.0691995
-9.3392606e-05
0.12897535
-0.09359955
0.085903324
0.0056177685
-0.10096116
-0.012095151
-0.06155497
0.08210917
0.062150083
0.056606326
-0.09813222
0.04926583
-0.08553944
-0.104880735
0.038364016
0.1426364
0.007872363
-0.036370587
0.05891209
0.10511775
0.11177833
-0.15352231
-0.17805912
0.13849314
-0.022757087
-0.15447763
-0.10432017
-0.106848
-0.036256522
0.07695816
0.26716077
0.16211653
0.0906087
0.11966547
0.22444431
-0.2542251
-0.042903885
-0.054876413
-0.11309387
-0.1248135
0.011353425
0.1558442
0.12497538
0.18167843
0.036048826
-0.057378884
-0.074965514
0.028158588
-0.010351623
-0.068735875
-0.036745645
0.07741339
-0.049619853
0.057916433
-0.07359841
-0.090525575
-0.06235521
0.04620501
-0.103633784
-0.09103068
-0.042260863
-0.1873561
0.07342681
-0.13749695
-0.021667147
0.18048693
0.13952783
0.15705407
0.14863008
-0.016019002
0.003655524
0.19020022
-0.17033978
-0.07044394
0.27410218
-0.016351119
-0.09818376
-0.072648205
0.23499645
0.16329724
-0.021211807
-0.07262554
-0.01637774
-0.18669766
-0.1095776
-0.0606097
-0.04205122
0.15082213
-0.17554127
0.06433974
-0.14518468
0.01702213
-0.060047466
-0.14026378
0.07787378
-0.09115361
0.027345022
0.17660779
0.013868854
0.066499315
-0.15382347
-0.056538463
-0.15564893
-0.026074803
0.04814074
0.13589498
-0.053606
-0.059852935
-0.12408335
-0.074627936
-0.038789023
0.2183822
-0.0011286259
0.011378009
-0.012783089
-0.15644059
-0.14525373
-0.13956833
-0.013978991
0.055037078
-0.0029716704
0.071628444
0.068855986
-0.124979004
0.2345521
0.19671519
-0.05982703
-0.01361766
-0.15107802
0.058432855
0.06653577
0.06001417
-0.081760496
0.017380653
-0.025594972
0.10074395
-0.019373974
-0.28307968
0.08593004
-0.21645309
-0.038931776
-0.059999347
-0.14831871
-0.057569638
0.17806543
0.2351254
-0.07794151
-0.117276154
-0.0060603833
0.10464586
-0.03103069
-0.21300484
-0.1279365
0.10724729
0.31208992
0.16213438
0.01440551
-0.064904705
0.108134486
0.080571644
-0.13889493
0.10156045
-0.040708218
0.0049820635
0.077084586
-0.16580519
-0.06063696
-0.09489063
0.27435538
-0.054162316
0.13942091
-0.079587266
0.08327754
0.17910755
-0.1045167
0.10844554
0.25135052
-0.06400851
-0.24164084
0.08160737
0.027221626
-0.08976105
0.033804037
0.1501462
-0.0047804005
0.07270755
-0.30849215
-0.021785881
0.014642288
0.17178595
0.058721744
0.16191007
0.028096007
-0.025926322
-0.0026705002
0.0067067533
-0.07118128
0.111983374
0.015078856
-0.25077292
0.021229459
-0.17136791
-0.06584532
0.025988618
-0.15461808
-0.031568043
-0.058016207
-0.11570583
0.11388853
-0.0719681
-0.045484375
0.24797243
0.23881651
-0.3343685
-0.02878184
-0.104442745
0.11572614
-0.02221355
0.097169064
-0.07912241
-0.028019149
-0.011887567
0.14415732
0.11676245
-0.029540347
0.11821472
0.12184914
0.34867266
-0.13464047
0.10670032
-0.095943406
0.1468366
0.26652998
-0.07892523
0.030622903
0.11174505
-0.0018015193
0.18664975
-0.26696634
0.09184854
-0.0046468815
-0.029947728
-0.17295706
0.07147214
0.022563593
0.13591635
0.13092467
0.0921987
-0.140467
0.06293296
-0.089924976
-0.030038679
-0.08754135
-0.081477806
-0.03670708
0.07223634
0.026054583
0.14783604
0.047739208
-0.07825051
-0.21242416
0.08390293
-0.04270659
-0.03694781
-0.023240577
0.030637922
0.047349196
0.06446025
0.010456912
-0.15365294
-0.28278685
0.11873992
-0.048307084
-0.081737995
0.0054772627
-0.1105973
0.2345028
0.043419376
-0.2242879
-0.093188636
-0.17046194
0.08935565
0.038916938
0.0909293
-0.13643613
0.06452579
-0.06347423
-0.15505813
0.118490644
0.089731574
-0.17497157
-0.019712025
-0.15577827
0.089451805
-0.21047257
0.043666873
0.042800833
-0.13512692
-0.0261785
-0.12549454
-0.007945735
0.06442326
-0.17709261
0.24266268
-0.07186301
-0.030563088
-0.07310746
0.044375386
-0.1540605
0.16455026
-0.1570233
-0.06133185
-0.04797901
-0.176109
-0.034475796
-0.027413363
-0.0050882814
-0.020371525
-0.1984615
0.047222864
0.018764898
-0.19443743
-0.00885924
0.21900865
-0.09129927
0.08983459
0.09907523
-0.027268618
-0.18358043
-0.04351228
0.051973734
0.04822072
-0.04699498
0.19805062
0.1499073
-0.17612068
-0.06568054
0.04838262
-0.10574076
-0.12423763
0.049565557
0.03323539
0.13257024
-0.14290723
-0.043271717
-0.009431575
-0.041018397
0.021476842
0.066566214
0.077241905
0.31620297
-0.13967094
-0.19121088
0.050195087
0.02903268
0.088086605
-0.021445667
0.11733772
0.39722386
-0.05264098
-0.15677021
0.15600511
-0.075448275
-0.15292665
0.29080737
0.14662257
-0.03387405
0.089769095
-0.04771674
0.0812286
0.17509814
-0.0594238
-0.0013325341
-0.010259718
-0.004196102
0.094750844
0.10241855
0.058877524
-0.1544133
-0.042474467
0.20769389
-0.24532716
-0.0864931
0.16323726
0.18815504
-0.15763555
-0.23529005
-0.010194067
-0.024255477
-0.066024885
0.107308134
-0.0015850281
-0.03894228
-0.062451635
0.23507619
-0.04570696
-0.0397787
0.026011234
-0.22254626
0.049303956
-0.18005584
0.13485782
-0.026577339
-0.31821606
0.074732885
0.13152204
-0.08465451
0.022794763
-0.05240198
-0.0053453157
-0.12797563
-0.08903863
0.09687209
0.008488455
0.10241826
0.1203893
0.021389412
-0.082944386
-0.10961484
-0.06435006
-0.016479842
0.17775759
0.21409409
0.09871005
0.14695543
-0.019475944
0.012718426
0.22926079
-0.044820547
-0.082293056
-0.07806183
0.031781625
0.104327716
-0.03799628
-0.15671106
-0.005856428
0.21293916
-0.17458601
0.022792751
0.08793642
0.14272189
-0.048093695
-0.06870877
-0.0540928
0.02164725
0.2557633
0.16819267
-0.095209375
-0.050740965
0.29633856
0.03882971
0.0061761946
-0.064802796
-0.04234594
-0.1254922
0.10838636
-0.12952481
0.23712988
0.00041684794
-0.058737297
-0.041022867
-0.031686995
0.048877385
0.13666846
0.14422049
0.10589059
-0.14854072
0.084864095
-0.17124186
-0.14723459
-0.10028877
0.16548003
0.27087614
0.07270395
-0.055385858
-0.053726558
0.15022245
-0.1491315
0.037665173
0.35028514
0.13086033
-0.036510788
0.0765943
0.009556051
-0.2757047
0.028749952
0.047266897
0.09298847
0.078117386
0.048559606
-0.116902225
0.08469234
0.0045236754
0.0631046
-0.012895588
-0.17174736
-0.018802652
0.06548587
0.22361311
0.12161683
0.029070968
0.13207842
0.18413159
-0.22797133
-0.0006281103
0.00763677
0.020477341
0.130585
0.05302904
-0.16607457
0.12098635
0.13731775
-0.01293279
0.17268606
0.004671987
0.14787246
-0.007679183
0.16690764
0.040319882
-0.036515113
-0.31493542
0.02063604
-0.07395687
0.1275661
0.046665914
0.3010389
0.017367845
0.0565675
0.09491573
-0.24736516
0.015622558
-0.07768136
0.0748182
-0.11920623
0.007079296
0.071321234
-0.21046829
-0.08153557
-0.1242474
0.011895054
0.011436338
0.10176529
-0.12225891
-0.04657288
-0.10278561
0.22769436
0.031449705
0.16766885
-0.022412933
-0.27422306
-0.0069379774
-0.10601979
0.2774104
0.03629594
0.04149179
0.062780924
0.14589109
0.37516865
-0.14684884
-0.0013600051
0.0031338658
0.15644681
0.29709566
0.049246397
-0.02284889
-0.26333544
-0.055020846
-0.14989558
-0.05407038
-0.056992043
0.041499827
0.054377865
-0.028615821
-0.07663354
-0.014716376
-0.26699913
0.240052
-0.09089396
-0.13948363
-0.014838498
0.035720475
0.17900598
0.1345064
-0.10290993
-0.20346905
0.092426494
0.035224374
-0.024593646
-0.032390203
-0.08088864
-0.256794
0.2726125
-0.02492798
-0.031299192
0.088838026
0.046291392
-0.04262665
0.11641833
0.1447865
-0.12218492
-0.18893297
0.001798142
-0.0015370047
0.050380763
0.16871469
-0.12942636
-0.0252314
0.002420819
-0.0439437
0.059216347
0.042260632
-0.047855373
0.10079719
-0.07373125
-0.15871495
0.04485895
-0.06973996
0.09891543
0.062814645
0.191939
0.33506003
-0.06319911
-0.123635866
0.036141247
-0.06965626
-0.070747465
0.09083496
0.026786538
-0.050979782
-0.05831097
0.05619646
-0.06282764
-0.120791696
0.23623466
0.037635516
0.19834533
-0.02790775
0.1384235
0.048524532
-0.11467448
0.18270856
0.08179501
-0.11697423
-0.033487618
-0.007441273
-0.08970607
-0.031356752
0.06976076
0.03170696
-0.13597496
-0.055255517
0.15242662
-0.042846907
0.081508644
0.0758723
0.026152512
-0.04771855
-0.1268991
-0.10232143
-0.0720837
-0.019115075
-0.16246575
0.046981066
0.004041786
0.02651033
0.041648123
-0.24986652
0.17618455
-0.019652745
-0.06689991
0.111566134
-0.001713158
0.006448034
0.038574316
-0.10401952
0.07768567
0.05618567
0.022958979
-0.1286639
-0.15107664
-0.041451767
-0.22929174
-0.27328748
0.1939389
0.018695809
-0.0023292548
0.09744211
-0.25740814
0.07936716
0.10936232
0.033821072
-0.08059265
0.073013686
0.0262825
0.05746201
0.068139866
0.19732738
-0.052430358
-0.12508233
0.0012031584
-0.087945886
0.045928117
0.07123867
0.068233274
0.10902917
0.13369009
0.07969035
-0.03203677
-0.07709
0.08228699
0.20714189
-0.060596615
0.022059932
-0.11727335
0.21718374
0.108478986
-0.11742598
0.07817324
0.21209607
0.025202164
-0.21787468
-0.099582404
0.18702133
-0.17184079
-0.04600736
0.10760371
-0.05143335
0.12776788
0.045998693
0.024298193
0.008212234
0.09538013
-0.16559641
-0.026018694
-0.1155023
0.030631017
-0.23574671
0.005826815
-0.144057
-0.030460028
-0.045603197
0.022243118
-0.016852487
0.08448933
0.08342027
0.069525346
-0.065803565
0.008493013
0.056543585
0.010303727
-0.17091912
-0.069777854
-0.20009686
-0.16642806
0.22966881
0.063998826
-0.10664604
-0.05875256
-0.11161239
0.05757866
0.027152808
0.005543242
0.22792116
-0.0569395
0.13361426
0.0045282906
-0.035395965
0.025546115
-0.067180276
0.25289452
-0.18639596
0.1873008
-0.15187244
-0.002555618
0.0035817074
0.08862845
-0.02633677
-0.010810025
0.02038881
0.06398458
0.08963758
0.06473313
0.10178307
0.036951702
0.24983205
-0.05331406
-0.04517774
0.10701207
-0.21801169
0.06213373
0.035504427
-0.22674912
0.043244444
0.1042169
0.2310052
0.21010943
-0.004633935
-0.042122826
0.05219043
0.053505227
0.0006230138
-0.049236048
-0.015946504
0.12225193
-0.08299524
0.0033753708
-0.04906988
-0.058268476
-0.15300897
-0.112800375
-0.054744065
0.18313439
-0.0040334584
-0.026278902
0.040670093
-0.07698044
-0.2320672
0.14560743
0.19633575
0.14085633
-0.14365551
-0.055473275
0.25683415
0.041548897
-0.17195506
-0.051451407
0.09858614
-0.0073885685
-0.13233803
-0.07929317
0.041621566
-0.00994673
-0.17741965
-0.10943716
-0.3358479
-0.11951171
0.0373762
0.13682109
0.17428696
0.12598528
0.06839151
0.13184823
0.039848536
0.02526052
0.13802285
-0.009783234
0.023655176
-0.083144546
-0.0146985
-0.053151075
-0.09291195
0.061663415
0.20760012
0.1536013
-0.18502301
-0.05961508
-0.04576744
-0.09736035
-0.13630848
-0.0028255736
0.079186015
0.1993366
-0.09710167
0.05433288
0.014583717
0.18406104
-0.18109065
0.19308876
-0.005270284
-0.006841886
-0.09129458
-0.061803438
0.08953521
-0.071239114
-0.28652978
0.09709394
0.16267897
0.016923515
0.06682723
0.17826152
0.26532477
0.09131886
-0.15033418
-0.020261934
0.3102187
0.04008008
-0.136041
-0.11963998
0.07063116
-0.1937668
0.03969398
0.013202997
-0.06128783
-0.09916501
0.17582625
0.16543679
-0.115169
-0.15754265
-0.25042856
-0.03095698
-0.08838804
-0.07931686
0.124993704
0.0988723
0.061454564
-0.023846002
-0.36103562
0.01705686
0.20116784
0.08158614
0.092485234
0.038882546
-0.031433128
0.047617044
0.015471616
0.12987824
0.22607632
-0.14047521
-0.012487549
-0.15428407
-0.0041535543
0.24517107
-0.10066989
0.14532664
0.0723662
-0.017760525
-0.07265218
-0.02852374
0.17558564
0.038282312
-0.241331
-0.09942816
-0.17556943
-0.020908885
-0.010636079
0.092938215
0.022215674
0.22075315
-0.01784036
-0.0007537639
-0.11615657
-0.023947623
-0.012721674
-0.26334453
0.18421063
0.096865
-0.1357633
-0.13053301
-0.09044789
-0.057992015
-0.09109762
-0.19552417
-0.08827386
0.004045997
-0.10801856
-0.027636062
0.075321525
0.07609084
0.17322019
-0.10576402
-0.19762471
0.06351618
-0.16595463
-0.04931373
-0.05460253
-0.07187385
-0.014465694
-0.14760832
0.118164524
0.031028342
-0.21079728
0.10513623
-0.00037004138
0.04900957
-0.05656487
0.048343737
-0.12358677
0.13845548
0.08701787
-0.13502453
-0.15097271
0.051873155
-0.08843743
-0.13337815
0.066504285
-0.11478733
-0.1244652
0.07497864
-0.15701461
0.19584075
0.013212438
0.30344126
0.13144504
-0.12840816
0.06395328
-0.09388268
-0.1458257
0.25505966
0.1407448
0.04740435
0.069836676
0.061572146
-0.029112108
0.08014588
0.00465437
-0.039653238
0.054279942
-0.07991467
-0.09368011
0.076990716
0.05160134
-0.041594584
-0.25166816
-0.05869257
-0.03628439
0.10210606
-0.000667146
-0.018274674
-0.047728557
0.026067229
-0.13983692
-0.12618572
-0.032977164
-0.15165791
0.105042495
0.24675493
-0.001670882
0.06714739
-0.2286617
0.3010021
-0.042961355
0.1935201
-0.09485994
-0.25123388
0.020254295
0.19833055
0.052032944
0.13605437
0.12797941
-0.10639871
-0.026295554
0.17158525
0.112912804
-0.04331386
-0.01701609
-0.11235009
-0.21033415
0.22685726
0.18719055
0.14788733
0.07176445
0.022526186
-0.06643395
-0.110539086
-0.18697546
-0.019662628
-0.08418502
0.045903806
-0.08630331
-0.21520707
0.0043523903
0.12569977
0.13044555
0.21769105
0.087155245
-0.017233303
-0.13349359
-0.067137346
-0.053126305
0.24645464
0.036386803
0.042772625
0.012785787
0.13204098
0.0804078
0.10905182
0.23215015
-0.031155447
0.06023991
0.05850077
-0.07691778
-0.0034880037
0.030097904
-0.21266963
-0.45227647
0.038939603
0.045454163
-0.20635505
0.002257889
-0.08491273
-0.08179175
-0.052574635
-0.013779571
0.15499525
-0.04795545
-0.10408447
-0.07092183
0.006490878
0.0068343002
-0.057535432
0.021196797
-0.0484619
-0.076981805
0.080155715
-0.14334987
0.03530505
-0.23285684
-0.11692599
0.06618629
0.16309223
-0.004181992
-0.33576638
-0.19091263
0.13749826
0.07701545
0.047643613
-0.24690326
0.11422943
-0.18174155
-0.19244483
0.13592641
0.20648825
-0.12034128
-0.106166735
0.16562857
-0.060044374
0.059945762
-0.18366401
-0.22856447
0.06849904
0.070288435
0.01598511
0.115112424
-0.13162345
-0.14194115
0.17793901
-0.024453482
-0.08559772
-0.120937966
0.007116341
0.05964958
-0.2374081
-0.07188858
0.09241299
0.024527075
-0.08678988
-0.1537756
0.094263054
-0.0071892575
-0.07384518
-0.07731965
0.069758184
0.08067787
-0.052034505
0.05974205
-0.05282494
0.22587767
0.00844697
-0.118795365
0.042684887
0.0052935006
0.058699023
0.1330601
0.19068532
0.333975
0.16867967
0.005827853
0.008880738
-0.044567045
-0.008636715
0.030617943
0.0001960166
0.011334932
-0.09629317
-0.07959317
-0.008364971
0.0058443127
0.040426094
-0.254238
0.09083732
0.027963461
-0.05658174
0.13354546
-0.10733004
0.21253866
-0.06152893
0.0537994
0.28648338
0.19003804
-0.18016678
0.033589892
-0.12989633
0.014996893
-0.013008255
-0.0035151038
-0.14434513
-0.20474103
0.16783245
0.0158684
-0.20113064
0.1321379
0.03820294
0.16783004
-0.052878175
-0.048041113
0.012325733
0.068658866
0.0101234475
0.13604505
-0.14151137
0.07995069
0.27663377
0.18362647
0.2998929
0.32348305
-0.004959455
0.026090337
0.3029818
-0.09955331
-0.07134416
-0.10406446
-0.041585214
-0.044829786
0.31563467
-0.07939826
-0.044907153
-0.32829553
0.22577785
0.1898723
-0.014490749
0.06326244
0.38628158
0.04151545
0.08433138
-0.019579777
0.043898415
0.010020571
-0.04978153
0.011748713
0.094173685
0.18122688
0.014190292
0.0040616323
-0.07426983
-0.19287308
-0.01773281
0.118554816
-0.07815651
0.056163363
-0.099906966
0.14700058
0.12443432
-0.047814023
0.037798103
0.040293492
0.006053746
-0.16726589
0.049110744
0.18612131
0.095321134
-0.19035143
-0.058047015
-0.17890334
0.17721221
0.0021375478
0.2448751
-0.05130206
-0.015124366
0.057908803
-0.015508149
-0.07397055
0.10874607
0.10654141
0.15554151
0.11727641
-0.13987733
0.1671267
-0.1296986
-0.19278885
0.026167898
-0.024175921
-0.21470225
-0.16639656
0.018368766
0.16967848
0.010619277
0.10512945
-0.1618644
-0.11141314
0.017907318
0.09000311
-0.073336005
-0.1695488
0.0717315
0.03065782
-0.075653344
0.006744868
0.18212155
-0.046720475
-0.041042328
0.0370644
-0.031487804
0.05676288
-0.012903624
0.038318656
-0.01765863
0.14481
0.21711761
0.060710605
0.19380122
-0.13086747
0.08189379
0.023725765
-0.10190873
0.012390533
0.080134146
0.08330782
0.18765962
-0.27334568
0.0725691
-0.043129165
0.09190861
-0.06709151
0.05973165
0.15781602
-0.008388143
0.0693689
0.03310096
0.0470527
-0.084578514
-0.13195483
0.12870194
-0.05331382
0.0383918
-0.1688407
-0.12549424
-0.13576935
0.15432976
0.09542002
0.002175367
-0.10783168
-0.16928333
-0.106205866
-0.08717389
0.08834916
0.08016182
-0.009910169
0.007011292
-0.16811293
0.14569658
-0.1405417
0.38353106
-0.06207296
0.030873936
-0.16748232
-0.13707304
-0.17771244
0.023062794
0.10039264
0.018426098
0.035173234
-0.054979548
0.07709544
0.17492466
-0.10440979
0.08314386
-0.05422241
-0.05113766
-0.028778538
-0.0720321
0.14950733
-0.14987779
0.04977562
0.078904495
0.12282192
-0.08770971
-0.09826622
-0.0035556273
0.2293141
0.043111056
-0.044438556
0.10240718
0.19232036
-0.0038981768
0.14198674
-0.13689986
-0.1342605
-0.1963148
-0.06595842
0.024078324
0.04338005
-0.2248218
0.1530549
-0.157142
-0.12623188
0.13746211
-0.12770545
-0.093948275
0.1675632
0.17747912
-0.17710945
-0.17018946
-0.090563565
0.032077108
-0.032409117
-0.20484233
0.18769462
-0.08964984
0.14150141
-0.04416571
0.16780066
0.1909152
0.18793838
-0.1102498
0.11445585
0.15241194
0.07369843
0.02063911
-0.24761853
0.19704583
-0.10228216
-0.081652954
0.05663537
-0.116219595
0.031018876
-0.013063235
-0.104684845
0.12005442
-0.087208554
-0.12837732
0.16567096
0.1660508
0.28772333
-0.007382783
0.03227768
-0.12162812
-0.042593114
0.0029517794
-0.059678145
-0.055268895
0.0090624085
0.18575068
0.10030236
-0.08145712
0.098856054
-0.1242974
0.07744678
0.11640609
-0.3893893
-0.08817492
-0.06249294
-0.029321829
0.066746995
-0.02447536
-0.010913668
0.14328994
0.08758408
0.1667699
0.058881164
0.09823723
-0.047092993
-0.06111867
0.1018958
0.088431194
0.1510989
-0.025537726
-0.02356409
-0.037983038
-0.07138343
-0.0039283265
0.07689742
0.018581385
0.037777934
0.1444339
-0.16485737
-0.029009344
0.12504768
0.0013647365
-0.1555132
0.047294892
-0.098208286
0.026725633
-0.054354653
0.10859414
-0.16796985
-0.11025584
-0.16678175
0.021798208
-0.084375754
-0.067295715
0.08112226
0.08934936
-0.2904884
-0.012063028
-0.07101743
-0.009978883
0.038979873
-0.20374589
-0.018589946
-0.24963139
-0.07560628
-0.11370085
-0.09442186
0.05667239
0.03532092
-0.06663291
-0.07800332
0.07431991
-0.0806863
0.14154536
0.14191067
-0.19202548
0.20768566
-0.15305196
-0.0018359688
-0.15758303
0.29012042
0.10085564
-0.1103201
0.1382834
-0.10797074
0.06958549
0.18472064
0.27982172
-0.2505254
-0.107203044
0.26781958
0.07812213
-0.23963444
0.15324542
0.21254075
-0.29274166
-0.15562578
-0.074529655
0.016408289
-0.12428358
-0.14597207
0.021749943
0.15159264
0.053909693
-0.035753094
-0.012935223
-0.059409108
-0.061023857
0.2207603
-0.0035397357
-0.012281215
-0.11532993
-0.11907881
0.1408504
-0.012040243
-0.13115762
-0.10906441
-0.18575732
0.012146814
-0.26896277
-0.15452859
0.057479817
0.073274374
-0.010653476
-0.20886807
0.22944538
-0.043130416
-0.08952537
0.10842945
0.11198946
0.086281426
-0.11623058
-0.109018676
0.055407893
0.0036236534
0.23972851
0.07969204
-0.012738615
0.06989309
0.05975555
0.014239964
-0.08913625
0.092984326
0.16818944
0.009073626
-0.027391745
0.14441189
0.04401852
0.17389728
0.18635066
0.21616837
-0.038716167
0.18216181
0.010847129
0.049810853
0.20863439
0.037738297
-0.21242887
-0.004924705
0.06761928
0.052978557
0.015585924
-0.120498285
-0.09183957
-0.055600923
0.13628142
0.19857027
0.058803085
0.09057812
0.22913063
-0.020365896
0.14419997
-0.033340663
-0.042027086
0.28865945
-0.06565092
0.07927638
0.046000708
-0.05892235
0.12970799
-0.030751279
-0.047141373
0.017257534
-0.19790903
-0.11447812
-0.11081346
0.13568988
-0.12687857
-0.17628466
-0.2821603
-0.059089784
-0.14905748
-0.1228064
-0.007923032
0.19631687
0.09516248
0.14903836
-0.08780668
0.01893333
-0.10324563
0.14994596
-0.25236735
-0.14448461
-0.09362447
0.06422823
-0.18551116
0.043438658
-0.0634226
0.18279287
-0.092639014
-0.18400866
-0.020881912
0.02374085
-0.15044284
0.031056497
-0.085922554
-0.1610103
0.0380054
-0.05064858
0.2873095
-0.012640647
0.027012605
-0.035784908
0.077865764
0.17687692
0.02014834
0.033701207
-0.17796095
-0.017842092
0.061340738
0.051972073
-0.043832544
-0.13683902
-0.0230505
0.29871762
-0.17791262
-0.054027732
0.047142662
-0.025579367
0.095788985
0.022228546
0.1152314
-0.086548336
0.31599995
0.16558333
0.049685918
-0.10908159
-0.061602242
0.086057626
0.18472075
-0.059712995
-0.2051358
0.03431423
-0.1968127
-0.0025421933
-0.07802442
-0.07899795
0.09319384
0.036041085
-0.07143308
-0.147097
0.0059057823
0.26980194
0.06878238
0.03140243
0.14711933
0.065752864
-0.0001948751
0.048641257
-0.06575132
-0.13820295
0.07550877
0.08858873
0.02859292
-0.00042408207
-0.026867736
0.039322376
0.009377786
-0.01755454
0.055578563
-0.07372916
-0.15460978
-0.1337592
-0.13983676
-0.22174242
-0.10440423
0.017795673
0.04881481
0.12687457
0.061035037
-0.16857225
0.055065338
-0.022371804
0.343114
0.12427438
-0.11682408
-0.18483241
-0.051986724
-0.16194692
-0.06417988
-0.025275858
0.07723337
0.31375217
-0.26129058
-0.107983485
-0.12346191
-0.049413316
0.27063707
0.14593837
-0.005079465
-0.046268687
-0.018582782
-0.17258888
-0.15471748
0.04469445
0.015204593
0.08633689
-0.047149587
-0.041607525
-0.07548219
-0.0828067
0.016711904
0.18308012
0.073607355
-0.12263964
0.03669391
-0.29637358
-0.03397862
-0.086564966
-0.05699533
0.025435656
0.0899616
-0.039735116
-0.15303713
-0.010876518
-0.009249964
0.026704261
0.102515385
0.01204913
-0.041502412
0.0047176555
0.10721756
-0.16693889
-0.022307444
-0.06511066
-0.08838904
-0.03569356
0.0056151715
0.10393878
-0.13760497
-0.06038204
0.13776235
-0.17372686
-0.07017157
0.20838779
0.05828702
-0.113627166
-0.093666874
0.12428512
-0.08733356
0.0029632829
0.04539807
0.08232084
-0.19942065
0.006729836
0.020493183
-0.21349818
0.023377288
-0.06444731
-0.019419147
0.06606874
-0.10366352
0.15165475
0.088485844
0.15637709
0.020153966
0.21706215
-0.04729921
-0.046377815
0.054202124
0.2940092
0.13334768
-0.0935817
-0.027107183
-0.20160764
-0.1793859
0.0007065805
0.05496909
0.21244405
0.1354164
0.09467741
-0.093251616
-0.09847088
0.055397686
-0.028392108
0.11108281
0.054699834
0.13075602
-0.018644702
0.1021628
-0.022396576
-0.044219904
-0.25070608
0.07063334
-0.035536755
-0.045011185
-0.045712903
-0.18653789
0.008092952
0.066868946
0.06488379
-0.027518751
0.110801905
0.18985382
-0.16722251
-0.22068948
-0.20492063
0.06621117
-0.034476098
0.11940556
-0.08332883
-0.22301058
-0.18788701
-0.00173042
-0.2921087
0.11180532
-0.0868538
0.052281454
0.06737807
0.16676112
0.024356754
-0.1537955
0.08278586
-0.06294434
0.01860073
-0.006262397
-0.14258108
0.15078355
0.110244066
-0.020082101
-0.0110321455
-0.009519525
0.13028888
0.1831898
-0.037468143
-0.24195074
-0.0056731757
0.15733212
0.024615573
-0.040190667
-0.058331873
0.16849864
0.061025776
-0.070912085
-0.10343926
0.290761
-0.13195385
0.15096638
0.109060794
-0.09400503
0.0484611
0.30630332
-0.018208243
-0.0043042405
0.19821027
0.123581864
0.061185416
-0.10276028
0.047110807
0.08566633
0.09164427
0.0034667493
0.08297296
-0.025429366
0.21503907
0.030001335
0.14265072
-0.033234917
0.12004849
-0.114881486
0.07628482
0.02843035
-0.2912198
0.057819683
-0.05690017
0.011274822
0.0037357952
-0.047781322
0.22678149
0.070471816
0.06134158
-0.07639171
-0.15551928
0.14767526
0.040941402
0.077425376
0.071436405
0.05630116
-0.16293566
-0.025430026
0.082535565
0.33061308
-0.12487382
0.11288801
0.1344146
0.22863953
0.06482363
-0.082920074
-0.14133719
-0.22715642
0.011792029
-0.13080887
0.037986983
-0.0016301118
0.054286268
-0.06877537
-0.13481477
-0.02933059
-0.3091982
-0.1426843
-0.1590953
-0.15314887
0.08346061
0.1595687
-0.09223509
0.029213399
0.02577186
0.07277557
-0.04867268
0.027009001
0.050304826
-0.003054929
0.08613375
0.12872763
-0.072638646
-0.10041596
-0.20781882
-0.07932378
-0.22339743
-0.07818458
0.007334242
0.025100317
0.07977914
0.112638004
-0.058184456
-0.15711485
0.021746695
-0.189041
-0.25651506
-0.12833564
0.017516593
-0.15864438
-0.31124344
-0.119737044
-0.11962533
0.0517804
0.12835781
-0.08426258
-0.039071236
0.002019506
-0.015192294
0.17624314
0.045006778
-0.07333561
0.024991537
0.012110472
-0.24470197
-0.08970728
-0.058675088
0.043680836
-0.082923844
0.10399879
-0.16484845
-0.104034014
0.14462812
-0.2820151
-0.0013383632
-0.07719798
-0.0104899695
-0.18769352
0.12862
-0.06533328
0.21418925
0.094631635
0.026858782
-0.18243256
0.012089994
-0.012958873
-0.21177018
-0.08843191
-0.22496258
-0.102423884
-0.0136104645
0.081845544
0.14252135
0.079116456
0.002956785
-0.12466581
-0.103535466
-0.13887866
-0.044523515
-0.11591158
-0.13012667
-0.285316
-0.2284542
-0.108797826
-0.019154495
-0.028742043
-0.061784096
-0.0041060364
-0.06631251
-0.06460154
0.03620624
-0.08364791
0.0075711794
0.17793663
-0.31534946
-0.013727055
0.02195416
-0.13522886
0.07125321
-0.10107844
0.108161494
0.14637485
-0.13701993
-0.24599376
-0.08014755
-0.0072802478
-0.19133046
-0.08390958
0.0063324496
0.10926461
0.059433747
0.016485244
0.06987135
0.1726027
0.14288819
0.26631007
0.0013801693
0.06200681
-0.112334944
-0.11788
-0.02217162
-0.099124126
0.0068929004
0.16386089
0.20363581
-0.06103524
0.036539007
0.09492158
0.18948552
0.14391465
0.07619186
0.20923422
-0.103058614
-0.010961907
-0.1659751
-0.0094654765
0.16922662
-0.014897119
0.002524254
-0.14876711
-0.09117232
0.13900006
0.120946825
0.0531388
-0.08344357
-0.105778806
0.1065532
0.0032512594
0.06328261
-0.18304534
0.046153832
-0.1395566
-0.1278963
0.092697844
0.021365644
0.01876322
-0.037959926
-0.18719435
-0.025330216
-0.045483164
-0.035607524
0.08879879
0.19328234
0.19278347
-0.014091259
0.07686182
0.15050882
-0.11533354
0.23639522
-0.13450487
-0.058358278
-0.107356995
0.13628913
-0.19393249
0.15931302
0.05408814
0.01956983
-0.067857064
-0.055924617
0.010648017
0.20052473
-0.03121787
0.052447468
-0.010745577
-0.0700516
0.052800883
-0.15246078
0.020991515
-0.06493851
0.09454169
0.17367224
0.16646051
0.16610189
-0.22188906
-0.09567563
0.20531581
0.020029841
-0.015891751
0.07282254
0.092477515
0.024028614
-0.11882656
0.006028919
-0.14308205
-0.02793457
0.13694772
0.032091938
-0.1238263
-0.05129346
0.055569105
0.07232407
0.080836535
0.028837986
0.052566078
0.16630219
-0.16018698
-0.17258956
-0.05138681
-0.093879856
0.07053578
0.19138743
-0.0028859507
0.03412156
0.03110886
-0.1872314
-0.031901043
-0.013436692
-0.13162164
0.28911328
0.03387744
-0.33056518
-0.039863184
0.033133313
-0.17190386
-0.05759856
0.056639597
-0.03195562
-0.056925297
-0.11420689
-0.079085685
-0.06673315
0.12716848
0.22360295
-0.12466545
0.09241893
0.1891404
-0.018160855
-0.009401395
0.056476444
-0.08781007
0.022818582
-0.16510914
0.18293184
-0.15181413
0.20400275
-0.03883328
-0.010189023
-0.05255136
0.12571505
-0.11027601
0.1179515
0.044875577
0.02049566
-0.022179633
0.269882
0.044663355
0.02107376
0.032214303
-0.11336494
-0.1947413
0.15716827
0.03249048
-0.09776982
-0.33103028
0.14895539
-0.045390368
-0.0018284984
0.028947286
0.02468613
-0.026286107
0.064005
-0.067265935
0.0130011635
-0.012956652
-0.12814203
0.13330585
-0.041702703
-0.06464637
-0.025423206
0.05055843
0.079918474
-0.10221865
-0.036839202
0.051812522
-0.042357244
-0.11730517
-0.069211565
-0.0813436
-0.21166459
-0.2939377
0.16931094
0.07257637
0.079754874
0.033257652
-0.025259966
-0.17007293
-0.04816607
-0.03302824
0.009906121
-0.10696784
0.033126116
-0.017443921
0.10989568
-0.0017746886
0.023419391
0.13044697
-0.11014333
-0.03842174
-0.019971745
-0.104332924
0.017536728
-0.3050621
-0.19596455
-0.09302639
-0.15879986
0.005181192
0.039378516
0.023730885
-0.060319882
0.25854668
-0.1448117
-0.128139
-0.05215428
-0.16997916
-0.04293804
0.17242143
0.009039467
-0.018166788
-0.15801938
0.15647858
-0.026583161
-0.047863435
0.085974574
0.13669047
-0.26235786
-0.2376852
0.10632542
-0.01384168
-0.0628979
0.06800816
-0.12942176
-0.02396214
-0.08109979
0.095744334
-0.22558984
0.02714884
-0.0315582
-0.04195942
0.1727606
-0.10722803
0.044042774
0.06667236
-0.08369072
0.022055332
-0.07751761
0.012903346
0.037675083
0.20284937
0.039015505
0.037115827
0.024093509
-0.06200548
-0.016675292
-0.093490824
-0.10357631
-0.033955254
-0.03708492
0.108556606
-0.0031264347
-0.0802455
0.11275583
0.034064382
0.11504094
0.098432854
0.15264837
-0.11680157
0.008572648
-0.016218862
0.18338138
-0.031252638
0.15125382
-0.06972118
0.03533326
-0.11779011
0.25455323
0.0098809805
-0.16913116
0.028665483
0.11476181
0.08533368
0.16720662
-0.11765996
0.18699695
-0.037303045
0.040072076
-0.044689935
-0.046320386
-0.010930113
0.2531299
0.0515537
-0.03390105
-0.25219262
0.10814701
-0.2179035
-0.12693478
0.12532209
0.046522897
-0.12482102
-0.24294452
0.072109096
0.03099575
0.0070977635
0.068821125
-0.20481178
0.005076975
-0.06774737
0.15127245
-0.20351025
-0.14358073
0.26307863
-0.07695159
-0.040691454
0.21956566
-0.17359106
0.0007711618
-0.021117019
0.09743574
-0.057361532
0.13566898
0.072653
0.059894953
0.09423739
-0.12933475
-0.08485388
-0.01396453
0.1157376
-0.041318834
0.0018064576
-0.045658667
-0.063735336
0.0035239435
0.087749474
-0.051077858
-0.08260333
-0.10801816
0.04373106
0.04903684
-0.08701101
0.096293256
-0.07776541
-0.21164484
-0.025239144
-0.009590854
-0.017019646
0.0331596
-0.14655004
0.04345224
0.029714214
0.08836796
-0.21752739
-0.14224055
0.103810705
0.0982173
-0.18691188
0.0037446818
-0.032995496
-0.05549959
0.049933553
0.022507818
-0.1828256
0.11846581
-0.09922292
-0.08874087
0.06854338
-0.014412851
-0.35160843
0.0441
-0.119253956
0.011469389
0.25040123
0.30477
0.17354941
-0.097646095
-0.12636244
-0.12856811
-0.013487094
0.032736156
0.12905802
-0.016238572
-0.030471383
-0.054918945
-0.018726982
-0.062367246
-0.045491155
-0.08364634
-0.21850014
0.118204236
-0.18080024
0.12660475
0.0714836
-0.0074865725
-0.027352171
-0.11759898
0.06057802
-0.014580782
-0.03845517
0.06059113
0.10412273
-0.12648454
-0.1040703
-0.02504051
0.106139496
-0.086860776
-0.023116434
0.106373206
-0.10252658
-0.24440955
0.03476076
0.033373892
-0.14527455
-0.13964063
-0.11704168
-0.12011533
-0.09626105
-0.30452904
0.02307737
0.010365983
-0.059200782
-0.05827826
0.05291665
0.056448024
0.024341611
-0.09134234
0.065074965
0.035548408
-0.161668
0.17331004
0.14324363
0.02432473
-0.16254622
-0.21531603
-0.17066965
-0.033261534
0.09678901
-0.0148233
-0.021289777
-0.045199037
0.004711885
0.0014545689
0.017512044
0.19105196
-0.13400844
-0.24754953
-0.28136754
-0.03313211
0.015350002
0.04464028
-0.01682258
-0.040269297
-0.054727577
-0.0931027
-0.08776671
-0.08626092
-0.15352601
0.12020581
-0.19634262
0.13916513
-0.11865713
0.00833683
-0.040465806
-0.05454944
0.0070166234
-0.035568632
0.20620847
0.0136129595
0.023830276
0.1557556
0.06955978
0.16531059
-0.031337127
-0.15021756
0.09515573
-0.19218364
-0.015801
0.051173087
0.2082324
0.051418204
-0.012694913
0.083283
0.050811276
-0.113676734
0.008890823
0.052382976
0.09354592
-0.22055814
-0.20480983
0.19631645
-0.08831213
-0.07075132
-0.13689017
-0.105085015
0.08452744
-0.08360276
-0.04151358
-0.034434125
-0.02727637
0.007945437
0.11440274
-0.107803755
0.19365264
0.037260838
-0.00859654
0.1866261
-0.060669806
0.24234042
0.07277964
-0.033937845
-0.18387775
-0.09453258
0.17691986
-0.042796113
-0.026325593
-0.22066568
0.12283001
-0.14689015
-0.096612014
-0.15159851
0.05069167
0.038467467
-0.26703766
0.06733011
-0.07112518
0.021373983
-0.06400976
0.2631467
0.15310203
0.23227829
-0.025487605
0.20116536
-0.15857303
-0.18887009
0.20361972
-0.1436909
0.22386543
0.10434412
0.020213252
0.09747493
0.16810197
0.11234907
-0.071378455
-0.11926265
-0.018224582
-0.08535598
0.16718994
-0.10654011
0.060229275
0.06129106
-0.17136844
-0.19318675
0.11554042
0.0013561528
0.16373333
-0.051763896
0.007155806
0.10099505
0.12727901
0.1085206
-0.00459713
0.15984291
0.15290405
0.17239158
0.19269267
0.061075088
-0.20851289
0.011702484
-0.025473429
-0.10144128
0.10684592
0.15890284
0.08535358
0.09836198
-0.06423015
-0.028401636
-0.14724587
0.123625
0.024868498
-0.26490334
-0.016827695
0.06039893
0.11075466
0.09358663
0.23063222
0.10636314
0.08721543
0.14502649
0.016938176
-0.058948312
0.115873516
0.113105915
-0.13805988
0.1083768
0.02068712
0.17181604
-0.15048276
-0.12246078
-0.0552394
-0.10499339
-0.012350598
0.07077435
0.25141048
0.029650474
0.07455104
-0.16293548
-0.18283318
0.083253756
0.09342985
-0.15861806
0.091157995
-0.107811965
-0.061873972
-0.12478702
0.10351591
-0.10249258
-0.01621033
0.009902798
0.12141657
-0.08903957
0.17033711
-0.0700987
-0.0115548195
-0.03455213
0.03720464
-0.1361321
0.0026644582
-0.15778035
0.06690377
-0.022099653
-0.046442628
0.0040011047
-0.15932572
-0.067120105
-0.023651699
0.0275872
-0.08745944
0.1352019
-0.18472962
0.029093092
0.20190422
0.20663936
-0.12754025
-0.0016251146
0.1437932
-0.12860881
0.18373911
-0.16394849
0.042188134
-0.08505344
-0.19997261
-0.30291417
-0.045802
0.033281524
-0.12164774
0.026069472
0.063338675
-0.07000913
0.022391245
-0.053705502
-0.024156017
-0.011538907
-0.20400764
0.032580614
0.09720522
0.05682622
0.10866589
-0.17895763
0.12323938
0.065102234
-0.009435399
-0.23245414
-0.07757829
0.08939908
-0.1349649
0.015365961
-0.09324306
-0.023506928
0.1313392
-0.049318742
0.1204001
0.23452306
0.010685199
0.08063792
-0.028711325
0.16779387
-0.023223197
-0.17034356
-0.0373823
-0.1475349
-0.055927247
0.05985091
0.048224755
-0.09484284
-0.15282866
-0.06999682
0.14991006
-0.036239408
0.058205266
-0.020770326
0.23476188
0.08143239
0.08770417
0.10540551
-0.22686455
-0.018259743
-0.07147871
0.23909004
-0.052109975
0.0071774833
-0.10031517
0.0132773435
0.32062086
0.08988179
-0.0961266
-0.09488301
0.060148355
-0.10687789
0.0473838
0.05575851
-0.14522146
0.15368174
-0.09238539
-0.08495478
0.27440232
-0.0851898
0.23680985
0.02247934
-0.02232505
-0.06352977
-0.1255425
-0.15749243
0.17973694
-0.01389415
0.007186203
-0.091592714
0.20457774
0.022255298
0.053886868
0.030781765
0.09602648
-0.07828667
-0.040376265
0.10605366
-0.18318398
-0.075827
0.044942036
-0.03798961
0.27839378
-0.36648306
-0.015472933
0.045218542
0.04587102
0.014579398
-0.037546422
0.026098538
-0.13115136
0.011473531
0.073597535
0.14273685
-0.021482307
-0.0230244
0.008848042
-0.09309361
0.024831034
-0.23556297
0.3117687
-0.12916611
0.10813345
0.11939535
0.1316841
0.22532324
-0.1547115
-0.06506642
-0.022151086
0.12640992
-0.028587645
0.041578375
0.1954979
-0.016298313
-0.02676963
0.20290986
0.22304279
-0.38986158
-0.065832295
0.24650232
0.17242034
0.066839606
0.108305246
-0.087072134
0.007260249
0.042636845
0.049427096
0.18745777
0.10305422
0.20507431
0.12319672
-0.05125227
0.09583747
0.06393483
0.20437273
-0.22747234
0.07692797
0.08412026
-0.042260688
-0.08360625
-0.027399188
0.13462816
-0.032815933
0.11083142
-0.010843337
0.008710721
0.10274497
0.1696092
-0.120985985
-0.08289814
-0.15494604
-0.15555249
-0.16839027
-0.20414816
0.10269981
-0.062043898
0.049823027
-0.06192132
0.11674645
0.185436
0.02580025
0.0106283985
0.01316887
0.066636495
-0.03129184
-0.0066916626
0.16003236
-0.036747172
0.07834202
0.0016568663
-0.020738903
-0.14322846
-0.22715244
0.06644308
-0.15489009
-0.07208914
-0.2100526
0.109845705
0.16024543
0.032823704
-0.053596653
0.13535972
-0.13776281
-0.014683019
0.063632265
0.057628915
0.3616697
0.07714885
0.047067743
-0.08268612
-0.029279584
0.12884305
0.08121693
-0.22370513
0.26916733
0.060504436
0.035842616
-0.001858987
0.19200857
0.1768725
-0.29341897
-0.029895363
0.13279353
-0.044328567
-0.039214984
-0.29426858
0.12858516
-0.004167696
-0.16499656
-0.104430094
-0.009006074
0.055991963
-0.09474958
-0.10200517
0.20560586
0.052167475
0.03971337
-0.18383497
-0.025208367
-0.041631732
-0.0043050284
0.13251257
-0.05749034
0.061461616
0.11857594
0.24305822
-0.09975177
0.065263666
-0.069058046
0.12664282
-0.16658722
0.021390583
-0.08927813
-0.035852842
-0.05707389
0.0638875
0.17017533
-0.047001902
0.18096471
-0.054772288
-0.0011745876
0.18317786
-0.010612931
0.058652446
0.09389863
-0.033135064
0.052927416
-0.27113125
-0.06462921
-0.0685932
0.024918145
-0.07430178
-0.101841725
-0.078190126
0.028453184
-0.11776623
0.14157121
0.05588455
-0.0124829365
-0.06020395
0.17293629
-0.010033613
-0.056884702
0.03104248
0.0006764799
0.05975292
-0.12332552
0.045614768
-0.14361778
0.07499944
-0.16456516
0.12484191
-0.010838531
0.019883262
-0.017790753
0.09961336
-0.069576114
-0.28312322
-0.05863014
0.14840062
0.11416827
-0.09750464
-0.01050822
0.23663925
-0.041004248
0.14000198
-0.15107955
0.101758935
-0.21765134
0.0069611687
0.15076911
0.14282729
0.12615208
0.06488666
0.013006189
0.0020424447
-0.04423571
-0.025961803
0.03538594
0.098686524
0.1280385
-0.013680404
0.018393978
-0.11090814
0.19973807
0.037499942
-0.11498336
-0.11633891
-0.16904292
-0.03345302
-0.16974133
-0.16512099
-0.12803282
-0.0074568745
0.03562866
-0.15119398
-0.1306116
0.15158425
0.09832701
0.03315207
0.16219284
-0.042443767
0.12861598
0.04897702
-0.14951015
0.029103294
-0.1427091
-0.09240427
-0.22032042
-0.01853603
-0.011588299
0.016882747
-0.18280196
0.19828455
-0.0458666
0.10739994
0.08622536
-0.1041963
-0.03280043
0.16310692
-0.18259485
0.023552425
-0.14248073
0.10643207
0.014514336
-0.09261161
0.13337643
-0.047919326
-0.17616926
0.2679592
0.103031635
-0.018072885
0.022500675
0.042985488
0.16236909
0.10835544
-0.03452999
-0.037693605
0.22465709
-0.17996293
-0.14940944
-0.052971702
-0.019601908
-0.01044069
0.08717795
0.03511867
-0.053081077
-0.012101198
0.047621686
0.17715606
-0.017458016
-0.13980226
-0.017111538
0.085584104
0.15475467
0.17101136
-0.1791652
0.121069595
-0.23904054
0.061121307
-0.12894846
-0.101417616
-0.109933026
0.011689269
0.051720858
-0.043812916
0.011738352
0.11569153
0.015246714
-0.047585245
0.15626347
0.07132909
-0.10828209
-0.00905147
0.10142165
0.053197965
-0.11817709
0.12227469
0.052243903
0.20171747
0.19554402
0.0044057
0.18645331
-0.099904455
0.052649446
0.1257812
0.045258783
0.11688433
-0.05596705
-0.028179383
0.034386702
0.14020051
-0.018043691
-0.25033835
0.060972713
-0.15194571
-0.110020965
0.13293397
0.008576231
-0.0689871
-0.04729778
0.052738234
0.028678665
-0.030647848
0.039699826
-0.2418898
-0.062273007
-0.07288569
0.0341997
0.04535645
-0.25395167
-0.07351598
-0.20430443
0.10377346
0.02918788
0.032442153
0.07712749
-0.05506788
-0.19274807
-0.19431442
0.008878525
-0.14857443
0.20268412
-0.1384761
0.31419215
-0.030404916
0.03073501
-0.047386725
0.07530266
0.024252364
-0.06984549
0.016305998
0.15986425
-0.08301473
-0.13983801
-0.05850068
-0.16198677
-0.07627145
-0.024174174
0.06141426
0.35417908
0.08810752
-0.16734625
0.08172692
0.17372373
-0.2541656
-0.10418225
0.033339467
0.06889374
-0.18670246
-0.08436503
-0.09679711
-0.060590763
0.21429645
0.02832389
-0.21637213
0.009745279
0.022794563
-0.14152637
-0.11433666
0.0111578945
0.16040045
-0.01443535
-0.24594207
0.06188541
0.016722271
-0.064996704
0.024373638
-0.09484904
0.2738836
-0.021189325
0.11443419
0.006392137
0.019822631
0.17335624
0.038993306
0.02489595
0.30987373
-0.002333364
-0.06245814
0.17701523
-0.18647075
-0.08801707
0.03522159
0.09696176
-0.13232155
-0.00045197894
0.119712144
-0.049622573
0.043266
-0.07546273
-0.13124661
0.18536301
0.03702194
-0.17424095
-0.05452822
-0.015506237
0.1671882
-0.06566575
-0.15033236
0.10548081
-0.04227796
-0.0020535795
-0.10691413
-0.046614554
0.039237924
0.1683373
-0.18115132
-0.025557948
0.27073815
-0.047404297
-0.0855711
0.03594604
-0.17242368
0.013318644
0.097919926
0.18027258
-0.22166137
-0.0047060903
0.27087206
0.007471302
0.073284596
0.049283333
0.0016661716
-0.126781
-0.13379103
-0.15474685
-0.16300277
0.057263542
0.13674633
0.14025715
0.08897811
-0.18571696
-0.24995013
-0.02461711
0.15381488
0.11556285
0.015053416
0.017169243
-0.15848619
-0.12972665
0.020343924
-0.023636324
-0.0044818656
0.028170165
-0.21355405
0.07362122
-0.10902232
0.11652916
0.21542042
0.06576754
-0.118128635
0.0678075
-0.032692008
0.11888995
-0.04562956
-0.050975185
-0.18167771
0.005663066
-0.020958263
-0.09540943
-0.08154106
0.17753892
0.042379703
0.05775604
0.120939836
-0.12128221
0.1990317
0.049944866
0.09756378
-0.13794501
-0.00928815
0.045120187
-0.020958181
-0.12646976
-0.07308204
-0.040929012
-0.20620887
-0.07438872
-0.17097817
-0.028317295
-0.16758113
-0.0385628
0.07381501
0.081031404
-0.20307215
0.13823642
-0.115660265
0.0016971685
0.028623736
0.21436551
-0.09607438
0.070993714
-0.04391936
0.20064737
-0.024277635
0.0043032034
0.10380945
0.25060537
0.17737384
0.14122227
-0.19621392
0.0655678
-0.17426352
0.09185292
-0.043159317
-0.07842923
-0.2295968
-0.14614524
-0.11312252
0.027304614
0.08517763
-0.09753133
0.011101078
-0.000867784
-0.17506614
0.07684927
0.057360012
0.08583347
-0.059561312
0.10248998
-0.2768505
-0.09962399
0.0504653
0.038224705
0.027717939
0.03605437
0.28339922
-0.17798837
0.119480856
-0.11755472
0.00019239065
-0.15750152
0.121420115
0.051322963
0.04054126
0.085105196
0.11198688
-0.08079039
0.11076308
0.07980169
0.018893423
-0.1802963
-0.11215035
0.16288532
0.1986541
0.078244165
-0.2680968
-0.14598358
0.22036576
-0.08595011
-0.14175081
-0.003435836
0.10617642
-0.11169315
-0.068884395
0.119251855
0.026013907
0.09378098
0.3703139
-0.010829672
-0.14907564
-0.03988904
-0.064685866
-0.016314432
0.22841887
-0.010871049
-0.035126887
-0.08491844
0.07084885
0.0013165746
-0.049560294
-0.050499137
0.061488178
0.099441476
0.041755766
0.09049608
0.0064689373
0.009440537
0.09368125
-0.05760167
-0.10948828
-0.0028762606
0.16797754
-0.02424548
0.030909875
0.04198745
-0.08669647
-0.1399924
-0.006738878
-0.09790437
0.06537505
-0.051472183
0.12756392
0.069213055
0.051761955
0.024187611
0.06247679
-0.032403108
0.046109024
0.0043345187
0.15376231
-0.15306251
0.07409194
0.07538225
0.016862025
0.097201645
-0.07939336
-0.046249337
-0.024292203
0.12895091
0.09681147
0.29504013
-0.06774295
-0.110522486
0.04883166
0.043790635
-0.1455691
-0.07547304
-0.03809305
0.095004745
-0.0056470637
-0.0343265
-0.16936053
-0.0016483647
-0.011108014
-0.18452461
-0.028827718
-0.06731563
-0.048680406
0.102293044
0.09934588
0.0756714
-0.13658585
0.08181448
0.099211745
0.09655636
0.06877831
-0.108410895
0.020498997
0.074463345
0.020994144
-0.24987829
0.023819583
-0.08616941
-0.22508791
0.012709296
0.03927097
-0.15152614
0.12210533
0.1370252
-0.0075143944
0.105571635
-0.017500313
0.04260766
0.13135861
-0.0495156
-0.005481489
-0.064802885
0.050549872
0.07053114
0.0007647304
0.017589798
-0.073462285
-0.08785048
0.011653854
-0.07415816
-0.18066058
-0.0013459302
-0.009858459
-0.07862087
-0.02071788
-0.25803146
0.09707429
0.2096353
0.20235601
-0.03711997
-0.047662452
0.114273205
-0.08810348
-0.026110958
0.036972765
-0.059056137
0.03273439
-0.18267448
-0.079975665
-0.2687752
-0.17725898
-0.07023568
-0.090315476
0.11226488
0.06972945
0.048704028
0.30100438
-0.12030229
0.07866262
-0.111744046
-0.100151226
0.06879541
-0.09268203
-0.026560701
0.04383304
0.05196264
0.067717835
-0.0740269
0.14588827
-0.085839614
0.12846322
-0.010577723
0.19133985
0.061957374
-0.08162554
-0.04978868
-0.07595116
-0.0641801
-0.04355802
-0.022277676
0.030576484
0.022355687
0.035800707
-0.03636995
-0.10458983
-0.042763207
0.13220076
0.012718353
0.027715242
-0.09904348
0.08439004
-0.00885191
-0.18996692
0.07861337
0.09304578
0.018825442
0.21976036
-0.0670153
-0.05622805
-0.011996799
-0.0020469276
0.008979251
-0.09115602
-0.14494373
0.07856145
-0.0027138125
-0.036185946
0.123408146
-0.30978304
0.2272584
0.0010369536
0.09050117
0.15960854
0.021747611
-0.15241441
-0.08543566
0.046357296
0.03921581
0.23952158
-0.039729334
0.12916371
0.065780036
0.18607861
-0.21561576
0.021017898
0.08458775
-0.074662864
-0.03451341
-0.14175536
-0.15989125
0.10033287
0.16569789
-0.29919267
0.023206921
0.12972833
-0.0991092
-0.04225102
-0.13167466
-0.07202164
-0.15306833
-0.018636087
-0.21415085
-0.15834183
-0.10432
-0.087027445
-0.042815622
-0.13907763
0.008159624
0.14716338
0.020712497
0.06634468
0.12570818
0.10249077
0.072158
-0.038345594
0.23332763
-0.08776738
0.014182665
-0.006953961
-0.022625905
-0.0083689215
-0.19285214
-0.24189244
-0.08967043
0.25497934
0.004923645
-0.11898613
-0.24062169
-0.057925586
0.23681724
0.008965049
0.067945704
-0.029748207
0.25880903
-0.13211697
0.22675817
0.18981212
-0.13311101
0.12141854
-0.10586719
-0.058636397
-0.040488597
-0.052010015
-0.20577797
-0.11295977
0.06496514
0.07678837
0.06197702
0.18418989
0.081387445
0.12816682
0.118050724
0.15618423
-0.021462286
-0.15504271
-0.17584576
0.097932965
-0.22292322
0.19420719
-0.08637723
-0.027879909
0.0046934998
0.16205099
0.10413256
-0.014663865
-0.0029283809
-0.08723323
0.016413935
-0.078197844
-0.11402803
0.006230329
0.08188226
-0.000749142
-0.04997021
-0.08254791
0.16013435
0.16043937
-0.08305702
0.025985314
-0.14248408
0.0074995547
-0.22369307
0.241629
0.039402623
0.17709126
0.10310395
-0.08210974
-0.28071058
0.30426627
-0.18530926
-0.099909276
0.25320187
-0.05297775
0.112130046
0.03640938
0.3896048
0.06162808
-0.07959409
-0.13796858
-0.15727451
-0.10541465
0.0198347
0.05548637
-0.07525162
0.20480253
-0.10556124
0.13964956
-0.2599322
-0.06151007
0.11677767
-0.030853773
-0.13885835
0.07026401
-0.09445915
0.11434754
0.22540149
-0.2534947
0.12371693
0.17403495
-0.08303531
0.06775478
0.12516999
0.005084336
-0.12527703
-0.03786448
-0.2097232
0.22502257
-0.023509648
-0.027866852
0.22927628
-0.120233245
0.12709582
0.07405916
0.041558698
-0.010256158
0.096362345
-0.12772256
0.07161557
0.19967522
-0.08876727
-0.11868396
-0.035236236
0.13188832
-0.056241315
0.112504505
-0.03332318
-0.09909204
0.17949986
0.3577664
-0.08222131
0.07793326
-0.05394367
0.17953263
0.124122925
0.057784956
-0.069480024
-0.13638696
0.26760155
0.21035615
0.03794425
0.15563083
0.06078621
-0.13214122
-0.16738501
0.075346135
-0.020557564
0.31707025
-0.050276894
-0.19492586
0.09321976
0.19067818
0.07456372
0.05503261
-0.21170688
0.14056958
0.061415285
0.02408003
-0.012315218
-0.009881247
0.10730581
-0.16793197
-0.11137129
-0.008210468
-0.09375092
0.060579944
0.03760483
0.0428325
0.036066137
-0.19025211
-0.16059299
-0.17752683
0.06271994
-0.060554203
-0.05555444
0.024373386
0.1388679
-0.007260763
0.011731625
0.067448646
0.1026538
0.26223028
-0.06529739
0.15616089
0.13872495
-0.01085378
0.10497064
-0.12869327
-0.1214282
-0.14884801
0.15413415
0.075522
-0.10493212
-0.13243343
-0.03826036
-0.05311755
0.034380477
-0.0029669846
0.03862423
0.18818682
0.14859362
0.025188912
-0.086427845
-0.20716973
0.008228218
0.024375774
0.13885061
-0.0010158609
-0.1318465
0.17536083
0.03868991
-0.1262469
0.15666494
0.14762309
0.043625366
-0.068380065
0.07626061
0.2648009
-0.07621961
-0.14942981
-0.13862443
0.004509635
-0.1539454
0.1002506
-0.13781358
0.06584637
0.092845425
-0.03478845
0.0049930895
-0.043297846
0.15202944
-0.16805759
-0.013966388
0.16102038
0.025970623
0.1895568
-0.014417925
-0.20164303
0.18695728
0.12553503
0.016269842
-0.096443124
0.13432513
0.14748992
-0.09152286
-0.023571284
0.088865474
0.034721125
-0.13467494
0.13893777
0.022264373
-0.18844344
-0.041335672
-0.02210958
-0.07472247
-0.10538809
0.07823344
-0.03459729
0.07072255
0.044297915
-0.013815817
-0.062293734
0.18263228
0.023623409
-0.046245262
-0.091890566
-0.034264743
0.10871557
0.17437646
-0.03949513
-0.027368378
0.16678838
0.22377253
-0.013389761
-0.15341324
-0.021899136
-0.03806834
-0.03803502
0.07657459
-0.07216849
-0.16564263
-0.08312242
-0.1763073
-0.086517125
-0.042481754
0.037006725
-0.11996457
0.16225378
0.11008262
0.2508576
-0.12093867
-0.1970852
-0.061789814
0.33854043
-0.021612626
-0.118221015
0.033463016
0.12790947
0.00049474597
0.043422025
-0.04240859
0.053262915
0.017317861
0.072609946
0.11023076
0.14456426
0.100937165
-0.057001438
0.15043855
0.18511066
-0.027684351
-0.2540351
0.03345344
-0.12641904
0.120989025
0.061015535
-0.35993618
-0.08765921
0.16627003
0.2630532
0.21936387
0.10303112
-0.115185104
-0.114666566
0.044514745
-0.042169746
0.08002524
-0.078799725
0.016159315
-0.08749331
0.22380409
0.01626313
-0.013859429
0.18664005
0.0316729
0.069322295
-0.15102617
0.08568524
0.030077985
0.06493763
0.04115109
0.03144887
-0.0377959
-0.0819524
0.036053363
-0.19376148
0.17237514
0.2097705
-0.18437181
-0.0032660305
-0.109466866
0.36674854
-0.20759785
-0.24732396
-0.13965693
-0.09031207
-0.14488396
0.30504858
0.097708166
-0.09354682
-0.05436047
0.044794206
-0.067576796
-0.116006814
0.070934676
0.111412294
-0.03203709
-0.09594089
-0.26925674
-0.03731504
-0.06561111
0.19994643
-0.08950998
0.01385299
-0.23628111
0.111384585
0.05215712
-0.044354238
0.072828524
-0.10189868
0.06464208
-0.11680419
0.20367225
-0.062127158
0.0073777176
0.10616985
0.085573785
0.039598115
-0.014600619
-0.0088498555
-0.1384467
0.036127668
0.08701503
-0.09281457
0.03648245
0.112467945
0.10988533
0.13361314
0.20360538
0.03694973
-0.09754238
0.19976532
0.2001886
-0.01965244
0.0090464875
-0.1252847
0.11979427
0.23061772
-0.032027125
0.25775677
0.079558864
-0.076456875
0.05610379
0.0018628917
-0.0606952
-0.09189889
0.008015451
-0.010086505
0.03285318
-0.080270134
-0.073237486
-0.19922252
-0.00018511633
-0.20355752
0.0047053667
0.06503294
0.1269455
-0.01998853
0.0076164883
0.09738195
0.085915364
-0.05047445
-0.018243317
0.016719775
0.11887319
0.016272554
0.07686527
0.22295916
-0.12402727
0.17278509
0.08239826
0.006182623
-0.21055378
0.14638926
0.071987525
0.006519599
-0.026425382
-0.054339375
-0.023052907
-0.10270003
0.011550555
-0.031707454
0.32935
-0.13022532
-0.26919618
0.09650555
-0.01987291
0.20211975
-0.123455614
-0.1767405
-0.052600957
0.085366055
0.078854464
-0.07186716
-0.028041026
0.23747288
0.20305662
0.042904116
-0.007410783
0.110134624
0.0052163573
-0.039088987
0.19470038
0.11511033
-0.024357028
-0.029014105
0.055801038
-0.022188645
-0.2035945
-0.110647924
0.07411745
0.21000513
-0.080325
0.27479172
-0.015908046
0.16703855
0.058613878
0.07318834
-0.26557037
-0.065709375
0.0042580473
0.12369875
0.29251304
-0.1016915
-0.123492524
-0.2708728
-0.042887278
-0.115536146
-0.20866898
0.030178739
0.15162082
-0.13321024
0.06453662
0.05701364
-0.04133812
0.19539884
-0.14876193
-0.15652895
-0.030886602
-0.076659106
0.090818524
-0.00029811685
-0.08227163
-0.02919368
0.092222914
0.1099878
0.2237637
-0.14569987
0.21070926
0.2107054
-0.115664095
-0.10005094
-0.06641237
0.25022462
0.0063914927
0.028304858
-0.05843067
0.08229427
-0.10278574
0.4096248
0.1328072
0.07695374
-0.055578113
-0.2689421
-0.017355485
0.011042554
-0.05435766
0.15575439
0.03391115
-0.281533
-0.021438334
0.1897935
0.07412326
0.08373148
-0.05631655
0.12997027
-0.022142928
-0.014544873
-0.17121503
0.014747653
0.020142797
0.17924051
0.14935336
-0.20505197
0.03786814
-0.099105716
-0.024497177
-0.1407686
0.0847359
-0.20065212
0.08347352
0.12117989
-0.041676003
-0.14522071
-0.19533439
0.100254744
-0.060347244
-0.3557529
-0.12877505
-0.06068934
0.04896181
-0.074065015
0.11366024
0.2192684
0.10655065
-0.13887547
-0.112286694
-0.11959376
-0.091240905
0.13365471
0.08701134
0.12374665
0.071229376
0.18879594
0.08727305
0.05639337
-0.17919134
-0.025686117
-0.26178786
-0.06929463
0.0797031
0.052110717
-0.064865954
-0.07110396
0.039057337
-0.06455477
0.017818276
0.05631294
-0.03261255
0.010930007
-0.014214454
0.17585537
-0.0728172
-0.101979084
-0.16368853
-0.14667103
-0.23558414
-0.04512406
0.03475575
0.046330772
0.17364727
-0.07437556
-0.102721125
-0.090411775
-0.09751694
0.06191096
-0.21176924
-0.272216
-0.06866252
-0.118102334
0.041219506
-0.0030292626
-0.086173
-0.28820324
0.18932694
-0.06076223
-0.05025916
-0.19849233
0.15466635
-0.12835726
-0.23954274
-0.061384838
-0.11892692
0.1999655
-0.05757131
-0.2961811
-0.0049811034
0.10884203
0.0072689545
-0.039293822
-0.10230738
0.02523502
0.16139324
-0.03616352
0.008566827
-0.10928459
0.076368414
-0.31671104
0.042719048
-0.025528077
0.0955195
-0.11384606
-0.055819668
-0.19565202
0.25696558
0.0340727
0.027709913
0.14076729
0.012568636
-0.06043717
0.2366514
0.005490983
0.050926268
-0.16376409
-0.14993386
-0.019628072
0.0650013
-0.018088011
-0.11817416
-0.03823561
-0.032605696
0.19400336
0.1356337
0.060702324
-0.19223282
0.1273615
0.013996085
-0.020487474
-0.074951485
0.05343481
-0.048538417
0.10839756
-0.06319688
-0.033771515
-0.083143674
0.07981844
0.2688003
-0.041453686
0.06806009
-0.028783077
0.12215567
-0.11179829
-0.17837505
0.070028305
0.008923354
0.11835547
-0.052637026
-0.006386865
0.014648533
-0.0338938
0.13972424
-0.17719133
0.040897246
0.056500547
0.15459111
0.057924125
-0.0872374
-0.053787857
-0.14269246
0.08356557
-0.2522974
0.12937012
-0.000712653
0.11481869
0.13983247
0.09322749
-0.041135438
-0.1764325
-0.12151908
0.048311353
0.060516376
-0.045619987
0.054763544
-0.14988029
0.029047912
0.06093506
-0.13656294
-0.10423506
-0.061591607
0.09710648
0.400296
-0.11219915
-0.17135595
0.12807322
-0.008953058
-0.15350354
0.051822092
-0.02712246
0.009904717
0.09804092
0.02042847
-0.17573775
0.06644137
0.0650784
0.058602933
0.017511396
0.11676217
-0.03455715
-0.13250825
-0.05579515
0.1962309
0.14487766
-0.016554855
0.24569522
0.02815699
-0.019243281
0.113102324
0.09191698
0.12668985
0.02335657
-0.045433164
-0.074748196
0.05333871
0.11060281
0.014393011
0.09801712
-0.022248255
0.04510588
0.12015724
-0.014708146
-0.2619414
0.004222946
-0.23183958
-0.043909896
0.16098136
0.0418872
-0.0240733
-0.046306353
-0.11120841
0.00010603817
-0.079402424
0.1930135
-0.02521121
-0.40126535
0.038843185
-0.16936357
-0.09498235
0.016954299
-0.0347776
0.11986392
-0.060168274
0.024497055
0.05187416
-0.14381714
-0.14913958
-0.09686548
-0.14544082
0.066104285
0.12331609
-0.1399142
0.22540644
-0.04451078
-0.08835105
0.07108846
-0.23880419
-0.066847585
-0.24936022
0.27314928
0.2265095
0.141251
0.016082205
0.18695055
-0.18087313
-0.0054565086
0.028466893
-0.1581036
-0.00035152718
-0.18101993
0.1605828
-0.080472544
0.07548371
0.041669153
0.062821425
-0.11825388
-0.040105224
-0.2037606
0.048525266
0.061241966
0.054256294
0.051191613
0.12544197
-0.07077088
-0.0533335
-0.025448648
0.03026838
0.07357784
-0.10179869
-0.21625778
-0.14640301
0.0067677377
0.08748346
0.12981205
-0.109138526
-0.18240236
-0.23984873
-0.03326492
0.2015275
-0.16394958
-0.047074065
-0.13171563
-0.08466612
-0.055554945
0.13954121
0.05911584
-0.07436975
-0.13956895
-0.1801073
0.25138763
0.0068903156
-0.021985892
0.24197902
0.17467053
0.1561844
0.07938385
-0.014409195
0.007217083
-0.0828431
0.13279289
0.035062447
-0.12994646
-0.026049608
0.1600091
-0.10889862
-0.09254348
-0.13987122
0.08279522
0.23182672
-0.044601683
-0.10278121
0.28531736
0.04886345
-0.100393794
-0.26163357
0.015666796
-0.16896935
0.06294794
-0.13607712
-0.05615086
0.00418411
0.041761223
-0.23946209
-0.118715554
0.02290789
-0.105692714
0.033076562
0.1407156
-0.16405746
0.16293338
0.02381163
0.08310377
0.1475347
0.025599701
0.042058267
-0.028743837
-0.015063565
-0.10191299
-0.2149141
-0.17247272
0.20500422
-0.18975307
0.111953214
0.14544994
-0.005063618
0.08178841
0.26256013
-0.09084279
0.028872926
-0.12064863
0.15072213
-0.08658683
-0.057432212
0.05415519
-0.1712229
-0.0045682485
0.056749165
-0.09635171
0.03309895
-0.02155352
-0.09392587
-0.18260849
0.04645315
0.06842282
0.24919976
-0.07309799
0.1540567
0.021565853
-0.042043466
0.14567964
-0.08293819
0.053500548
0.0061705275
-0.013658336
-0.04538625
0.08646727
-0.05714371
-0.029203564
0.08783856
0.038626615
0.07036526
-0.21118858
-0.053870887
-0.015337457
0.03523056
0.06075483
0.09434753
-0.012891041
0.18250383
0.09717991
-0.23703736
0.08867718
0.15788427
-0.013838362
0.029580235
0.088833876
-0.06436228
0.096706346
0.031067764
0.11731428
0.009058882
0.2385234
-0.018124843
0.032807954
0.00758577
0.08431802
-0.13863663
-0.10759352
-0.012077077
0.053065218
-0.11086597
0.19353129
-0.1799028
0.18525565
-0.03296686
0.1500472
0.16016206
0.032927077
0.14786349
-0.036521368
0.13600735
-0.09866482
0.2303127
-0.21693774
0.084931724
0.021627575
0.14749682
0.1459408
0.0559299
0.22355746
-0.025754005
-0.10272064
0.042251293
-0.13471344
0.058030207
-0.089130804
-0.19440879
-0.056021575
0.02193997
-0.07878553
-0.06225767
0.16657406
0.1450803
0.14379297
0.06357243
-0.18428394
-0.12365532
0.15407892
0.18997778
-0.07095826
-0.02693155
0.012295686
-0.03391595
-0.26088026
0.2366141
0.016690573
0.09780169
-0.05890342
-0.108842425
0.010322053
-0.07605093
-0.17857952
-0.06593934
-0.107638784
-0.043936297
-0.2522604
0.13691004
-0.21573748
0.06695035
0.18452336
0.037193235
0.22930714
-0.23525567
-0.16691731
-0.086447924
0.2045182
-0.10656875
0.09520032
0.09544449
-0.07160807
0.017806048
-0.090101354
0.06760019
0.10764341
0.07820026
0.15238312
0.07066763
0.09503345
0.011787991
-0.045050688
-0.04111024
-0.23407046
-0.06738222
0.041751638
0.07889391
-0.20491886
0.022162303
0.010812076
-0.09370215
-0.19702177
-0.04047433
-0.08262807
0.0020670905
-0.1475078
-0.19502394
-0.19681296
0.20236285
0.060385957
-0.15071677
-0.01455734
0.08459585
-0.0026135556
0.09792282
0.29541314
-0.048120826
-0.018165272
-0.09573837
0.05821112
0.19456935
0.043273687
0.15764745
-0.120459035
0.11628912
0.04596712
-0.25592336
0.08980461
0.2301174
-0.13939878
0.18000959
-0.42726558
-0.0848151
-0.14406519
0.08166914
-0.04466223
0.12843363
-0.079596564
0.11687637
-0.052855678
-0.12601142
-0.026158832
0.09055691
-0.122851685
0.04836246
0.031408284
0.03910301
0.21312734
0.08391704
0.026566956
0.08665604
0.0060682367
-0.13065566
0.019385982
-0.0045843394
-0.09613491
0.12480716
0.1666137
0.08899342
0.08038533
0.18084466
-0.1285776
-0.03342229
-0.027428443
-0.15809196
0.031253353
0.08866323
-0.081078984
-0.0070391353
0.06237879
-0.22207883
-0.2901005
-0.17937846
0.064757414
0.06400563
-0.06490204
0.015123681
0.110857524
-0.08586011
0.012993153
0.0056702285
0.015380891
-0.008144794
0.16618401
-0.072072215
0.24922569
-0.056870356
-0.01684635
0.23164782
-0.022592055
-0.059023485
-0.023378743
0.18661
-0.044452425
0.017495045
0.29090247
-0.15555912
0.074370965
0.21793808
-0.06605657
-0.00025525855
0.09615797
0.078469805
0.055078182
-0.1486701
-0.020225264
0.160021
0.04724198
-0.15157251
0.11652136
0.08812917
-0.012926104
-0.14792307
-0.047424268
0.06230977
0.12977566
-0.017693866
0.07613244
0.016663833
-0.019878998
0.17732096
-0.04361407
0.11798063
0.0644059
-0.25399125
0.095717534
-0.14151512
-0.10251404
-0.04110435
0.1892576
0.083032876
0.048581902
-0.0638817
-0.20733856
0.0076320036
0.031127434
0.14497623
-0.09823767
0.03374957
0.07901736
0.007001007
0.14865278
0.2784243
0.07299463
0.0034122888
-0.1232541
-0.07807564
-0.0795528
0.04250258
0.10429733
-0.1795422
0.10978158
-0.05651198
0.2901088
0.08365531
-0.13194816
-0.064641364
-0.037431903
0.06647623
-0.068869784
-0.13884924
0.08722342
-0.100045316
0.21751906
-0.04100009
0.18931314
0.0356645
-0.119861454
-0.25581747
-0.1906987
-0.02431007
-0.07377998
-0.062915996
0.14366989
-0.01827699
0.14900501
-0.0478359
-0.26525995
-0.14466205
-0.025905276
-0.04061925
-0.026440857
0.11551598
-0.18759325
-0.05338582
0.1312785
0.12246257
0.11426809
0.12675695
-0.11773926
-0.23611331
0.03187042
-0.05491247
-0.011039014
0.035596326
0.12574369
-0.056913532
-0.09095323
0.09163491
0.108221665
-0.02411157
0.0343134
-0.008099111
0.09063538
0.115508996
0.181006
-0.011916559
0.030445457
-0.028398689
0.030607259
-0.15255845
0.07820862
-0.033633668
-0.07075337
-0.24464688
0.016568566
-0.076949276
-0.0524322
0.020020042
0.1275128
0.1244076
-0.13436534
0.011142885
0.022557573
0.07148405
0.021269765
0.08024798
-0.09534192
0.12491986
-0.12038018
-0.17870596
0.021976009
-0.013092991
0.11504019
-0.0873924
0.004456404
-0.09838945
0.19672221
0.03673626
-0.023797968
0.001279553
0.050603274
-0.22035314
0.1364015
0.015054649
-0.0138807595
0.038686108
0.08031537
0.15937129
0.23689581
0.13555545
0.122031495
-0.18839607
-0.061819267
-0.10145887
0.08523907
-0.15169288
0.29423338
-0.24124794
0.12959711
-0.04442003
-0.29590446
0.029810673
-0.13469695
-0.23831114
0.016919713
0.10512253
0.31300816
0.11581028
0.09801988
-0.17987072
0.011175648
-0.24539752
-0.29457492
0.02646874
-0.1901651
-0.057033803
0.028642258
0.14836657
0.024149967
0.21124828
-0.1730242
-0.07530952
-0.22917518
-0.031700965
-0.16501865
-0.05504711
-0.06034815
-0.04365505
0.05103811
-0.0006570466
0.03103709
-0.06408809
0.0417234
-0.1625718
0.0016120201
-0.11350609
0.056115475
0.034480773
-0.16999209
-0.14165731
0.082185514
-0.17199127
0.09940054
-0.0214615
-0.13589755
-0.071583115
-0.075496934
0.11722741
-0.026175926
0.108052395
0.11205137
-0.0719752
-0.02567781
-0.1810542
0.21643285
0.09239967
0.19108339
0.04896196
-0.033086635
-0.055444542
-0.060211293
0.17187089
-0.09617689
-0.03875507
0.049864184
-0.15019402
-0.10123652
0.15551192
0.15133867
0.15101959
-0.04475403
-0.15168808
-0.08147423
-0.055175684
0.053658422
-0.1394376
0.07580805
0.09531108
-0.094433926
-0.06786686
-0.12620182
0.22106835
0.088075414
0.020460559
0.12715338
-0.12273908
-0.0060127843
0.14588538
-0.13904564
-0.14425063
0.013237573
-0.2637901
-0.103095554
-0.19648129
0.012768481
0.12607953
-0.011042054
-0.0059921737
0.11348548
0.05125883
-0.021470435
-0.06442513
-0.08536082
0.45573655
-0.0548474
-0.013128388
0.27074233
-0.0649703
-0.070620395
-0.0151847415
-0.032498784
0.19065022
0.024656642
-0.04900629
-0.0698088
-0.043770306
0.12477681
0.1369117
0.17137262
0.034253974
-0.20122199
-0.017304683
0.07659121
-0.005574009
0.027250485
0.13500147
0.048568893
0.07765789
0.010621963
-0.008001939
-0.048816465
0.009555475
0.15153697
-0.058538087
-0.05507406
-0.073610336
0.16356851
0.09149852
-0.24638978
0.07688372
-0.051303297
-0.027643759
0.26118907
-0.013563358
0.21183312
0.0930999
0.10624669
0.10596373
-0.110570975
0.23096141
-0.21573183
0.13214947
0.09993539
-0.122287124
-0.04319238
0.09639153
-0.11697254
-0.13531725
-0.00048972736
-0.0751796
-0.14556314
-0.22630268
-0.08561754
-0.0009863388
-0.30711377
-0.08273262
-0.07854444
0.2935627
0.051554754
-0.16245721
-0.11203411
-0.19407326
-0.24361274
-0.032957643
-0.16044834
0.20088743
-0.070442535
0.094891384
0.047847938
0.10398934
-0.14907718
-0.12992409
-0.088655904
-0.04412186
0.05479518
0.008295283
0.20030156
0.047142457
0.08008741
0.016333632
0.07800328
-0.10801425
0.14181118
-0.15029822
-0.015575892
-0.15011647
-0.08280691
-0.048649028
0.055831946
-0.044677515
0.21221091
-0.04090306
0.019430934
0.0016118988
0.21030435
-0.3024374
-0.092551045
0.017779872
0.03233373
-0.20784067
0.19155212
-0.10881935
0.09106274
-0.1532619
0.17692143
0.019243073
0.075902484
-0.19105858
-0.24744242
0.122418284
0.22165033
0.1085106
-0.11497304
0.09981473
-0.22409232
-0.032190237
0.12356392
-0.034025826
-0.07855159
0.11172616
0.2137463
0.19282551
0.04597238
0.035122614
0.13744664
0.13658288
0.08894119
0.018011
0.050166715
-0.06697046
-0.17469943
-0.12059651
0.10613523
-0.21000203
-0.20054524
-0.061948374
0.15871899
0.070379026
0.16146715
0.04535329
-0.15419884
0.11735257
0.05737408
0.050818052
-0.09789158
0.19718404
0.113126196
0.011018442
-0.091524996
0.038792282
0.24335866
0.20489535
