0.03931665
0.06864106
-0.03660769
-0.04308562
0.003351434
0.034789026
-0.033075932
-0.02392758
-0.019769698
-0.060215734
0.019937059
0.014041162
0.02056112
-0.03550936
-0.012960186
-0.044168815
0.026083194
-0.016046347
-0.037498504
-0.0029417353
-0.02219682
-0.043220304
-0.06449112
0.031969935
0.017696427
0.021809012
0.06630008
0.0030937705
0.0518457
-0.026574703
-0.018259155
-0.0038973964
-0.05808142
-0.036773715
0.005829766
-0.039731786
0.016759807
0.053566124
0.002965645
-0.0062087025
-0.039356634
-0.006266507
-0.029895654
-0.032374397
0.066261135
-0.009466397
0.0096496185
-0.0019617896
-0.007455807
-0.016668634
-0.024418153
0.0016555749
-0.01582942
0.036346868
-0.00013543376
0.05954039
0.0017168423
0.05071749
-0.05868923
0.012648559
-0.017061476
0.018408066
0.039163083
-0.031894155
-0.008717256
0.047061656
-0.007490709
-0.036599692
-0.09164204
-0.007912343
-0.059571426
-0.042750496
-0.03786836
-0.009307124
-0.024387356
-0.0111199105
-0.029418357
0.013936721
-0.016768498
0.054262567
0.04681727
-0.006635212
-0.0128121395
0.018580629
0.016761005
0.017962713
0.010439409
0.026637442
-0.025552066
0.019777017
-0.032046422
0.021422397
0.01859524
0.024841854
0.015802016
-0.012167273
0.035952374
0.06060682
0.06531913
0.011328798
0.045478232
0.012268603
0.023746023
-0.02444843
0.023087071
-0.0008114516
-0.020782096
0.012997064
-0.041324567
-0.0056778085
-0.002826416
-0.020488178
-0.026413484
0.02572559
-0.017489597
0.0047733854
-0.022105513
0.013786583
0.023903208
0.0104948245
0.04045394
0.019159352
0.050541066
-0.027396759
0.016794033
-0.0066217603
0.0035283798
0.005376641
-0.003545904
0.00068596494
-0.0045387084
-0.006400952
0.009265978
0.047092244
-0.007603693
0.022446146
0.03696952
-0.011782918
-0.017214768
-0.00043911484
0.023699319
-0.0030027141
-0.014243589
-0.037930727
-0.009391549
0.026713168
-0.010382599
0.057977997
-0.013904862
-0.0330093
0.0013109492
-0.010902704
-0.021047505
0.0037645241
0.051222555
0.022528596
-0.019354554
-0.011151877
0.037766047
0.022411887
0.050140563
-0.016147511
-0.043955024
-0.018092375
0.010109438
0.039643556
-0.03201167
-0.010467275
-0.0055176076
-0.019768273
-0.005425706
-0.019805524
-0.03687386
0.03899995
-0.03385426
0.0096887555
-0.00037720136
0.0078071225
0.0024792629
-0.043128666
-0.019244647
0.033251572
-0.035025973
0.06498306
0.018429015
-0.025156602
-0.01630485
0.0037732853
0.024129935
0.045026768
0.028148001
-0.0092473775
-0.02876114
0.009749527
0.008156999
-0.0060265
-0.02088564
0.025182866
-0.028492732
-0.0827999
0.059623837
-0.0024936858
-0.058285594
0.022909192
0.015124527
-0.027764983
0.03900739
0.026618484
-0.025689155
-0.004148243
0.01511565
0.03598681
0.06558099
0.00029710587
0.0052554063
-0.0056784954
0.022988824
0.047159493
0.017585678
0.038347814
-0.024377055
0.0015843745
-0.021328138
-0.038456038
0.00057418516
-0.028923072
-0.0018577825
-0.02446848
-0.0060497415
0.010986104
-0.021411102
0.01315487
-0.008838981
0.047007248
-0.036736757
-0.033591617
0.027472718
-0.0065177293
0.021209426
-0.028928945
-0.005367236
-0.02418428
0.009498658
0.0075815395
-0.034102917
0.06023141
-0.009964699
0.06883238
-0.024249962
0.00939605
-0.027108682
-0.029240908
-0.05384483
0.017198524
-0.00022200098
-0.012483432
0.031377666
0.010170584
-0.049370065
0.06976704
0.050748486
0.0219024
-0.03401573
-0.013879514
-0.02195488
0.08114959
0.026538959
-0.018804478
-0.005656375
-0.052101128
-0.0026368008
-0.0029912551
0.022812815
-0.011007809
-0.015773255
0.059578825
0.049275443
0.027920201
-0.008724256
0.040280826
0.03675295
0.018256567
-0.02018325
0.06175474
0.020932855
-0.025325071
-0.007741784
0.0034249374
0.030029828
0.0111781405
-0.06239765
-0.04420565
0.030422486
-0.028654585
0.035282683
-0.023058284
0.014549811
-0.027707204
0.042658146
0.009857079
0.046848077
0.018492283
0.009110331
-0.011946208
-0.0030803026
-0.030583087
-0.07447212
-0.011353402
0.041866723
0.0070890966
0.016120983
0.033327762
0.03698184
-0.033882678
-0.029732592
-0.03280246
-0.0765696
0.04929548
0.03473732
0.06025093
0.020230586
0.015066168
-0.041586302
-0.004300104
-0.028116316
-0.01131886
0.018265812
-0.00066067267
0.029561823
-0.020233084
0.016923554
-0.05358532
-0.01633808
0.006615398
0.03299222
0.050159167
-0.025091764
0.03837061
-0.07947405
0.06283294
0.013875385
-0.034961324
-0.012671028
0.02379078
0.005626584
-0.02180667
-0.026358077
0.038826767
0.0025498962
-0.03802865
-0.05755725
0.027795335
0.023630291
-0.021044118
-0.016627304
-0.03950307
-0.012634806
0.007661726
0.01617581
-0.047587212
0.025983775
-0.040345572
-0.029823028
-0.005741982
0.017223246
-0.025861407
-0.055032786
0.019810865
0.036101736
0.03284224
0.06534321
-0.02384519
-0.0036816855
-0.04478365
-0.037661992
0.0005658456
-0.018526418
0.033316556
-0.05659859
0.018958872
-0.003781726
0.027775902
0.0076336022
0.019433154
-0.03427937
-0.0034360127
-0.05147863
-0.044570047
0.008207064
0.0021530935
-0.0365513
-0.00059177494
0.00063314516
-0.028958198
-0.038221974
-0.018525643
0.055874296
-0.03612009
-0.020122742
0.040148124
0.0010891444
-0.015817335
0.008615663
0.001837387
-0.007847257
0.012475449
0.019052248
-0.02352711
-0.025271943
0.038877673
-0.0076077273
0.042305447
-0.043917455
-0.030626997
-0.01649614
-0.041640997
0.020442063
-0.016977202
-0.02044402
-0.02804735
-0.019431418
0.030431947
-0.01265073
0.015500841
-0.008554737
-0.00016163023
0.0019493382
0.0058296486
0.0054722903
-0.018459087
-0.031310778
-0.0005516933
-0.061000187
-0.006493096
-0.0014067309
-0.0293251
0.034737475
-0.019403849
0.019647304
-0.006676307
0.0014254228
-0.011917212
-0.01723107
0.02839526
-0.034858417
0.068956934
-0.014375736
0.004222248
-0.036509894
0.030091409
0.025679253
0.0446629
-0.014410465
-0.027109172
0.0043266085
-0.009400635
-0.05172925
0.008034862
0.012046629
0.05080868
-0.047241528
0.045155738
0.07221918
0.02513141
0.0357664
0.014919897
0.012112627
-0.05673642
0.042583514
0.0061537097
0.009969137
-0.040482644
-0.026419481
0.0069331857
0.019253979
-0.004203726
0.03242014
-0.025833715
0.054106295
-0.002569041
0.013086333
0.03839134
-0.033866707
-0.049100205
0.018536285
0.026073877
0.0035747522
0.059593327
-0.01155326
0.01386146
-0.044608913
-0.032672524
0.0007631866
0.046882123
0.013169406
0.0547361
0.0026975744
0.04885274
0.04952076
0.0055092517
0.017983146
0.025658665
0.016869955
-0.051029343
0.00202744
-0.008480586
-0.010891641
-0.01415233
0.016584557
-0.01687085
-0.026360502
-0.003876577
0.018030116
-0.0128922025
-0.044837873
-0.0023199823
0.03295374
-0.009784022
0.031153351
0.004697936
-0.00891803
0.014926291
-0.0019823876
0.039046884
-0.054598812
0.062483124
-0.06499052
0.030137295
-0.004602489
-0.0344194
-0.051880326
-0.06966926
-0.00956271
0.018462356
-0.00026915007
0.010592708
0.008401606
-0.024714803
0.0033760453
0.050390888
-0.047941748
-0.017865002
-0.028410554
-0.02401836
-0.040250853
0.017746223
0.0720525
-0.060176555
-0.015477449
0.039572272
0.025581283
-0.029571252
-0.0012059886
0.025507668
0.019833151
-0.051033117
-0.015019165
-0.024423854
0.028304638
-0.00954703
0.030705621
0.015086485
0.028689487
-0.02069924
-0.02677159
-0.0027817776
0.0024195397
0.051088456
-0.048494115
0.02012586
0.0024001407
-0.033098437
-0.020047216
-0.004559734
0.00065820036
0.04765581
-0.035795026
-0.034360543
0.01824699
0.0064290133
-0.010848765
0.009360853
0.018193066
0.029685799
0.028876366
-0.02558755
0.05838862
0.04009142
0.0021837784
-0.047715854
0.025246846
0.0074599544
-0.0154930325
-0.03086801
0.0032775854
0.029323652
-0.040790163
0.029162927
-0.033260025
-0.0016755498
0.033596803
0.07718253
-0.02026405
-0.018997546
0.0065152575
-0.010076965
0.011267109
-0.04341228
0.056921095
0.037366956
-0.020748027
-0.007583347
0.006857055
0.041090187
0.013746531
0.040357765
0.003888604
0.0325277
0.00010177272
-0.004448511
-0.011508367
0.025499085
-0.03513728
0.02270973
0.054893512
0.093507275
-0.0010557784
-0.022845516
-0.032338858
-0.007052667
0.013088224
-0.0145382015
0.0074671996
-0.05530294
-0.003989718
0.023979673
0.055592064
-0.014362754
0.008262929
-0.027663661
-0.0072086267
0.04194143
-0.01814341
0.011192401
-0.05352159
-0.023160316
0.0036704172
-0.04777836
0.0370665
-0.0502238
0.02463768
0.044971794
0.038059715
0.0050220094
-0.021580085
0.011782955
-0.02631424
0.021624194
0.016218543
0.0067145075
-0.02031544
0.044844326
-0.004133515
0.002947308
-0.008034145
0.022364546
-0.011337931
0.007679521
0.008882286
0.029970434
-0.0005934631
-0.020847945
-0.021832006
-0.0050247586
-0.02768073
0.002438083
0.008862908
-0.019076841
-0.0017120277
-0.012793
-0.04120158
-0.04525547
0.014411617
0.011447143
-0.04121927
0.0058960076
-0.0015881697
0.053391445
-0.00046608906
0.002761655
0.028599955
0.018091755
0.07108563
0.01854821
-0.016216272
0.012337224
0.052769125
0.010247064
-0.049590692
-0.0045574377
-0.03278276
-0.037459724
-0.05531255
-0.04214562
0.016252475
-0.018905945
0.04162242
-0.034396067
0.016383048
0.059521277
-0.016258698
-0.032160074
0.009244917
-0.004753969
-0.049822956
0.03167963
-0.022500567
-0.020490967
0.013438491
0.015214512
-0.003841972
0.072371446
-0.024744458
0.012542457
-0.0015838764
0.024772026
0.0033784015
0.034361452
-0.022689126
-0.01905171
-0.034491222
0.00082063425
0.012352478
-0.022477198
-0.040984206
0.047358554
0.0127056055
-0.04818718
-0.03163037
-0.009832535
-0.015003189
-0.0028415222
0.010441404
-0.037121467
-0.0054287445
0.045349125
-0.011382029
-0.023161782
0.04486133
0.041217588
0.0090098865
0.022368934
0.016394055
0.04862316
-0.03125763
0.014375662
-0.010247324
-0.067854054
-0.020487906
-0.084883764
-0.025932977
-0.029937906
0.037998036
0.007587101
-0.010453638
0.015707424
-0.06816206
-0.018005809
0.0052438052
0.0029283483
-0.017793093
-0.04624294
0.033808917
0.035454024
-0.016916126
-0.0713618
-0.004268851
0.032806568
-0.004342693
0.0062839044
-0.0086810645
-0.012942693
0.014853018
-0.008914241
-0.026324386
-0.03228072
-0.0136868
-0.008769183
0.027790755
-0.07764904
0.008740016
-0.0043577366
0.025902448
0.03403809
-0.019566257
-0.042208835
-0.00024808614
-0.006148602
-0.0034999999
-0.015465671
0.006982147
-0.030192817
0.026323054
-0.014129869
-0.004709827
-0.03549929
-0.0073276698
0.03297539
0.041712284
0.034831937
-0.018350989
0.012685693
0.053234812
0.026799314
-0.025964458
-0.027671093
0.002849752
-0.006486229
0.0048147403
-0.012054412
-0.0016534722
-0.003529144
-0.003807123
0.013285188
-0.02298009
-0.0009925863
-0.062124923
0.03534677
-0.00045361946
-0.029016772
0.06264735
0.056948464
-0.043426007
-0.08732291
0.035444237
0.02610795
-0.04215367
-0.00872392
0.05433949
0.03402761
0.026138514
-0.007122297
0.023902694
0.013010993
-0.029708952
-0.0060343556
0.008680093
0.033212386
-0.012961257
-0.020196002
0.048092794
0.010439829
0.022322861
-0.004010892
-0.03247133
0.025951749
-0.05036209
0.018357936
0.017581068
-0.0041800025
-0.040800713
0.00052295526
-0.008263444
-0.024238849
-0.021276455
-0.021623977
0.023851117
0.011399008
-0.010849617
-0.020588867
0.037329428
0.026784752
0.014654639
-0.02333009
-0.012584865
0.0035595563
-0.026652379
0.03313302
-0.020216484
-0.005660473
-0.06114794
-0.0048814993
-0.024806343
0.020493185
0.009906585
0.07491945
0.011457677
-0.017467275
0.028740944
0.06347611
-0.05441915
0.006946467
-0.026174381
-0.046493754
0.005507123
-0.009984181
0.009774663
0.040147267
0.018716209
0.0009758875
-0.048395924
0.017636964
0.019404193
0.05610033
0.019309122
-0.03061499
-0.0040150112
-0.0006751137
-0.021266993
-0.040670853
-0.029899178
0.011567226
0.041403055
-0.042190205
-0.035753887
0.013475303
0.03755212
-0.02393688
-0.046887312
0.03355449
0.024101932
0.050294667
-0.006751761
0.06480238
-0.032274466
-0.05723147
0.0036568842
-0.011172525
0.01020239
0.096627064
-0.025687305
0.044834796
-0.009625639
0.036773942
-0.0017624939
-0.022489322
-0.011924188
0.00077685417
0.033677828
0.025146581
0.0069507826
0.012264609
-0.034458306
0.026384443
0.013393593
-0.04532677
0.019324848
0.005582521
0.006180961
-0.018906204
0.009223208
-0.013765456
-0.030108038
-0.057918724
0.0075866682
-0.002168386
0.0022711863
0.008952175
0.01632458
-0.0046255714
0.01307202
-0.007518499
0.038398214
-0.036242157
0.012021516
-0.0074095414
-0.05295761
0.0027848633
-0.057302967
0.02045574
0.015202847
-0.018158156
0.018475585
-0.009012337
0.013279771
0.05595051
-0.008022648
0.061258458
-0.10084862
-0.014901895
-0.00564237
-0.0023517574
0.015256852
0.03285249
0.0017874971
0.014416976
-0.03397155
-0.02855797
0.0026667097
-0.0032483826
-0.03212643
-0.05636692
0.04087385
-0.0071993847
-0.042214632
-0.016816733
-0.0035642623
-0.0058030076
0.033031337
-0.035932522
-0.036428872
-0.0035802836
0.006738572
-0.06213134
-0.032854635
0.0122934235
0.04507729
-0.044717308
0.020679893
0.016804269
0.002057282
0.010899411
0.077232815
-0.043765157
-0.04647888
-0.006667937
0.009274076
0.012351283
-0.0037382438
0.012130077
-0.05615768
-0.024781127
0.019470932
-0.022477765
0.048470624
-0.016031094
-0.022767104
0.010966999
0.035531927
0.048275206
-0.031193674
-0.004316092
0.019576238
-0.044809423
-0.008646545
-0.006140702
-0.010550901
0.03330783
-0.022272853
-0.0017332338
-0.06141272
0.010441123
0.010717713
0.022222247
-0.0731096
0.0043297554
-0.009223566
-0.08518837
-0.005254451
-0.023517631
0.03533186
0.025460498
0.005131974
-0.03034981
0.03825148
-0.009649058
-0.038902357
0.027534267
0.06449519
0.012627013
-0.04256362
0.037631597
-0.023662368
-0.0060341028
-0.016436433
0.029309355
-0.04353476
-0.039015446
0.0114752045
-0.0013041393
0.018220793
-0.0021140901
0.025621323
-0.00949729
-0.048289087
-0.0008941743
-0.026981715
-0.011684138
-0.0054823635
-0.01976831
0.024341498
0.005923632
0.008039779
-0.031140247
-0.0144478455
-0.00040435014
0.016702028
0.07181032
0.04666303
0.028241623
-0.047581714
-0.029757561
-0.047533784
0.016294662
-0.018667638
-0.014833662
-0.038676728
-0.026424166
0.017191984
-0.0054807984
-0.025901312
-0.009162526
-0.0057644364
0.0036895336
0.020592993
-0.005869101
0.050333127
-0.015492208
0.025585491
-0.03617953
0.006112232
0.004969558
0.0033698212
-0.025682306
0.015973115
0.052909337
0.01651251
0.05857816
0.0022967588
0.005611172
-0.0021572176
0.02297253
-0.055285774
0.018762227
0.03902641
0.0062121875
-0.041743413
-0.004695969
-0.0049370094
0.012483771
0.016901486
-0.026532145
0.04287397
-0.034058604
0.00069748604
-0.05496546
-0.0023410786
0.003876536
0.007803352
-0.024252325
0.0038924846
0.02929861
-0.026762696
0.01763088
0.051426116
0.003414444
0.040148895
0.024638396
0.018198712
0.025696518
0.0044092536
-0.018261028
0.0516126
-0.010047615
0.015031257
0.018150447
-0.0106824925
-0.037526082
0.013796952
-0.01608162
0.013275898
0.014920885
-0.053261407
0.014455762
-0.0059017246
0.04150197
-0.0024936453
0.035808574
-0.02470339
-0.012138419
0.048488643
0.0022870833
-0.0029338587
-0.0029943136
0.014219189
0.032703303
-0.049300153
-0.021672394
0.014216295
-0.005967225
0.039010525
0.015326103
0.011537039
0.022624474
-0.06714324
-0.018553203
0.001020143
0.015646454
0.01933299
-0.00956488
0.016108595
-0.036046278
2.8280612e-05
-0.06151065
0.031723224
0.025103241
-0.0059042387
0.040728923
0.023502897
-0.06413978
-0.05669056
0.027578112
-0.049716454
0.021287097
0.009548173
0.004763208
-0.00096789043
-0.0043225307
-0.0031129625
0.006181623
-0.026084382
-0.019711617
-0.0016593056
0.0004613247
-0.06743333
0.02819646
-0.022634704
-0.014448767
0.00818401
0.003733783
0.08348545
0.0055720457
-0.04890363
0.025118165
-0.0036029303
-0.0003931665
-0.013471488
-0.018690905
0.022444211
-0.005298792
-0.008094575
0.020161087
-0.0570835
0.004086342
0.017483894
-0.021267125
0.01482581
-0.017568402
0.014351143
-0.005225616
-0.0030379551
-0.0007549736
-0.0024957845
0.06566778
0.037040964
0.03184073
0.030352825
0.06903589
-0.0097509585
0.0069741863
0.04104423
0.041727506
0.032636523
0.040284183
-0.043834787
-0.019476956
-0.03466226
0.0012946599
0.012308911
-0.0030802682
-0.0115109235
-0.001811449
0.012262202
0.01250209
-0.019670742
-0.026409132
-0.06768473
0.065526895
0.01270209
-0.026692078
0.0051526986
0.015956331
0.04977691
0.01121474
0.027374148
0.016196895
0.0026593998
0.015372514
0.025394075
-0.029626725
-0.01009634
-0.03339805
0.021087745
-0.06798007
0.061684016
0.017949704
0.043374065
0.040259678
-0.023515956
-0.069936454
0.0063322275
-0.007816855
-0.06792008
0.044648644
-0.04690687
0.044253133
-0.01897882
-0.038456246
0.07526021
0.01477743
-0.01422156
0.048551325
0.025640886
-0.018122023
-0.0019507405
0.019066436
0.01077472
-0.011978264
0.007111571
0.014067128
-0.041418176
0.009375563
0.003988055
-0.020201128
-0.004472284
-0.027395414
-0.014251803
0.02209149
0.0014189748
-0.028471703
-0.0049263895
-0.0021101206
0.0034643698
-0.011019219
0.01228981
0.0033549457
0.051483605
0.0023834354
0.044450667
0.023345891
-0.07036318
0.03727872
-0.003876412
0.0038478358
0.037053242
-0.010880461
-0.0172997
0.037708655
-0.0012878504
-0.036584858
-0.018144598
0.014489648
0.040445782
-0.03813928
-0.014440236
-0.03179361
0.00023346853
0.019810794
0.015415502
-0.0012338453
-0.014552696
0.025287295
-0.0021448045
-0.046361886
-0.0115980245
0.05385931
-0.012047351
0.0062150345
0.011352869
-0.018181844
0.017415535
-0.037139412
-0.009017706
-0.024117695
-0.035119016
-0.02750799
-0.0018159809
-0.007629545
0.06648538
0.009027943
-0.0055005057
-0.023032747
0.0057670604
-0.0672796
0.0075686076
-3.5742953e-05
0.026831724
-0.0620359
0.019172603
-0.023720294
-0.017288782
0.066171
0.08012372
0.049302783
0.013501194
0.007606116
0.020650195
-0.01301948
0.009011574
-0.020572228
0.015540809
0.0050830985
-0.043391515
0.0059938063
-0.052516546
-0.0026020182
-0.025828237
0.056897838
0.011974088
0.0076392703
-0.035648886
-0.04067177
0.019850263
0.034623817
0.0062166853
0.048842385
0.036952674
-0.036722984
0.0009950447
-0.038402773
-0.05481634
0.0144484565
-0.057576265
-0.014361664
0.02969019
-0.014234092
-0.045188032
0.020228112
-0.01965379
-0.01320874
0.028568275
0.003677315
0.064186245
-0.003452921
0.057651278
-0.041088745
-0.047834273
-0.02197733
0.008183586
-0.011792491
-0.014294888
0.0430118
-0.024162175
-0.0132984435
-0.02837264
-0.009324078
0.00370091
-0.028290272
0.03528613
0.06091468
0.031871963
-0.043291427
0.011565126
-0.006725365
0.023083193
-0.027612194
0.053116262
0.033901982
0.03448948
0.028249964
-0.063242495
0.040968653
0.009936216
0.037480343
0.021954183
-0.026757957
-0.036855843
-0.05811727
-0.07964803
-0.038148172
0.021532573
-0.021283237
0.026421688
-0.03621261
-0.01174645
-0.02760114
-0.0020259854
-0.003546825
0.012677865
0.035619196
0.024576716
-0.02495891
0.040456604
-0.05427324
0.022616899
0.08944799
-0.026627906
-0.017721431
0.037134137
-0.028212942
0.010584049
-0.00960544
-0.06227133
0.028721854
0.007842277
0.018242426
0.0026986736
0.034178372
0.00423965
0.01741484
-0.047229715
0.011904
0.017724644
-0.03732909
-0.0066510555
0.011553839
-0.059010047
-0.039369132
0.01566533
-0.0021906768
-0.0014995735
-0.0066225133
0.023065599
-0.0029199969
-0.04800379
-0.03302189
-0.035020508
0.03029051
0.009557453
0.029847752
-0.0015146576
-0.0102407755
-0.022585515
0.035595115
-0.009394173
-0.010406836
-0.052346576
-0.0019669936
0.01242833
-0.06517168
-0.039950535
0.013793264
-0.0244375
-0.034649756
0.0447315
-0.053401936
0.032038502
0.026433231
0.03186179
-0.018792052
-0.015824199
0.021110952
-0.004443494
-0.006232382
-0.034147073
0.01477791
-0.0027829667
0.04750904
-0.012779048
-0.057219848
-0.0032159141
-0.042465024
-0.018229248
0.04525471
0.014980452
-0.07014918
0.05218356
0.0029646545
-0.014523342
-0.027568895
-0.012873651
0.008036664
-0.029567042
-0.030909026
-0.032382723
-0.0033224528
-0.03918694
0.014112536
0.04592791
-0.005915777
0.027079955
0.013200288
0.030978734
-0.05326154
0.011212948
-0.020642603
-0.05293704
-0.01203464
0.0145235555
0.018518481
0.01786957
-0.020426666
0.023128118
-0.040004462
-0.012341215
0.011012005
-0.0036090729
0.057325102
0.021483406
0.030619388
0.018765429
0.017179456
-0.03180706
0.0031986048
0.03195024
0.03401873
0.054580264
-0.011088126
0.031161139
0.027791679
-0.020527735
0.03593253
0.012531734
-0.029047564
-0.0015959367
-0.0070488644
-0.024381632
0.0005644299
0.016731368
-0.020997064
-0.0025515938
0.01624683
0.005297823
0.0036848418
-0.0060704104
0.033261307
-0.009026869
-0.016995411
0.009007023
-0.049182773
0.0007359453
0.015096963
0.018624438
-0.013207166
-0.07575016
-0.039177615
-0.024233019
-0.0423027
0.0071425796
-0.021409886
-0.033702143
-0.008075438
0.03168405
0.027643602
-0.007428312
-0.05813354
-0.054805607
-0.04453975
0.011613457
0.019089276
-0.010081991
0.028994277
-0.030003166
0.044690236
-0.02011019
0.030095186
0.035915993
0.0010411433
0.010745866
0.0019417324
-0.0472506
0.03742
0.03799289
-0.0032471693
-0.027965862
0.017817296
-0.025955722
0.0038281134
-0.005117647
-0.015438975
0.0005427653
0.029749854
0.006888658
0.029031707
0.018465292
-0.0151401805
-0.00065718574
0.07033122
-0.04778184
0.03108619
-0.0033012761
-0.014172773
-0.01701602
-0.042736158
-0.06392907
0.033688344
0.0012235482
-0.036602233
0.067512654
0.0061899223
0.020574706
-0.010539188
-0.018855933
0.06509045
0.03262856
0.006960373
-0.0054055494
-0.028065016
0.036626242
0.0013667932
0.0010893204
-0.013714977
0.0023333326
-0.056782227
0.009610313
-0.023632782
0.04664244
-0.0031227532
0.04204974
0.059015702
0.03485485
0.035920188
0.0060160803
-0.01944967
-0.019664548
0.02086583
-0.03658555
-0.034007672
-0.02580446
-0.0035626122
0.02204146
-0.0042574974
0.022940198
-0.00903182
-0.012945486
0.016004207
-0.029018909
-0.04423298
-0.010357358
-0.008565363
-0.0510588
-0.048043206
-0.0007613623
0.027634097
0.009101849
-0.003975458
-0.012417682
-0.014203556
-0.02922198
0.027898047
-0.01703533
0.0049860235
0.07244816
-0.028328676
-0.06166804
0.022013027
-0.012333697
0.0054502124
0.012585471
0.0051337695
0.028285764
0.022786265
-0.012297558
-0.012659623
0.021571305
0.0032705497
-0.013416831
-0.011112535
0.05561766
0.027067162
0.07163761
-0.017320234
-0.03315705
-0.0032284872
0.029675819
0.038227677
0.014127422
-0.026299953
0.021341978
-0.019980323
-0.019897157
-0.01092234
-0.016316688
-0.04724146
0.0010802294
0.010241974
0.02555183
0.012759148
-0.0023558044
-0.008364611
-0.005233576
0.013067789
-0.0049442416
-0.037566297
0.03536829
0.02789706
0.00866738
-0.058800247
0.0018532975
0.026292674
-0.0063487636
-0.043943066
0.005773496
-0.017073793
-0.027757818
0.011533873
-0.009068487
0.036947146
-0.012415663
0.018363815
0.022652678
0.040326502
0.03304383
-0.037666805
0.024525369
0.015999943
0.019923551
0.052353792
0.020223549
-0.0068982854
-0.006762598
0.011911954
0.022177765
-0.0026295267
0.033389263
0.020251371
-0.07069563
-0.059074435
-0.029607678
-0.004152234
0.07214397
0.04139879
0.023571426
0.0448975
-0.004880647
0.019078277
-0.0045084925
-0.03796544
-0.014017448
-0.012301093
-0.054156277
0.027810005
-0.030114802
-0.0041760383
-0.006774001
0.0047875
-0.006732378
0.01203512
-0.04872039
-0.036544852
0.017228018
0.013860174
-0.047419738
-0.019024784
0.021523364
0.027532173
0.00536813
0.017282823
-0.008976849
0.0069380677
0.017618733
-0.008036413
0.025810994
-0.02496447
0.033812262
0.014690302
-0.012139547
0.016906288
0.01854559
0.030707967
0.021624215
0.0029565752
0.0034884638
0.022743927
0.028318323
0.061611082
0.024480619
-0.007346878
-0.0442724
-0.028886726
0.027254375
-0.0055041905
-0.0006942946
-0.008152175
0.013724336
0.04122509
-0.028333051
-0.026802547
-0.00796504
-0.021561539
0.028419554
0.007285669
-0.024447003
-0.030764524
0.027910165
0.0133240465
-0.008296621
0.009988419
-0.062498156
0.10297314
0.008400022
0.021926895
0.0017446608
0.040192284
0.017075514
0.03277427
-0.0058510075
-0.021444067
-0.019083858
0.04393709
0.047534913
0.014774687
-0.06480998
0.033193033
-0.00036770033
-0.021851193
0.007774264
-0.011816539
-0.056600828
0.0027916715
0.004918997
0.0118074445
-0.021067183
-0.018564561
-0.053185195
-0.012560038
-0.039107382
0.02628328
0.054214373
0.052411057
0.0241473
-0.027702443
-0.0061162207
0.036329485
-0.031579636
-0.007157439
-0.06602169
8.453509e-05
0.044573992
0.06926848
0.018459255
-0.010440968
0.019233804
0.012523665
-0.042516768
0.011359959
0.04562635
0.007186153
0.011499067
-0.025774745
0.0027082271
-0.0036108012
0.02553788
0.03296106
-0.027217474
-0.0125863515
-0.06328779
0.05694354
0.0071998057
-0.00028005644
-0.018588038
-0.015130338
0.009163185
0.044625532
-0.0034559753
0.01489397
0.01939454
-0.017200155
-0.016162692
0.0018770705
0.011658664
-0.039363194
-0.010326715
-0.024373367
-0.015355979
0.02433501
0.0032623245
0.021619976
-0.039008766
0.0069309766
0.01465195
0.01664419
-0.023177344
0.049807504
0.03605257
0.03139145
-0.0106148925
-0.041083097
0.01811291
0.075682215
0.0012656649
0.011871807
0.0064580524
0.011407496
-0.026561825
-0.0029539433
-0.02567234
0.022531204
-0.038308844
0.035650715
0.0015348654
0.005109721
-0.011804259
0.046565134
-0.031124756
-0.023018584
-0.004295362
0.0049357642
-0.038265795
0.022855056
-0.031198552
-0.014611826
-0.01319438
-0.054332856
0.044794988
0.013573206
0.034197003
0.009701569
-0.042895485
0.04940908
0.035089966
-0.039515253
-0.025547894
-0.040774558
-0.045442134
0.013534878
-0.01391734
-0.040517673
-0.010278294
0.01032631
-0.033623174
0.03617788
-0.051022567
0.029328052
0.053258196
0.01629148
-0.0011165951
-0.024005672
0.043178394
-0.051552873
0.030101787
0.016888767
0.009388148
-0.034720276
-0.01633881
0.026832115
-0.020085681
0.012036679
0.0038402725
-0.0412571
0.028025404
0.024571843
-0.00039435012
0.036683664
-0.01731018
0.0032947736
-0.029100873
0.011079514
-0.0034025982
0.07420944
0.015145029
0.01834578
-0.05974477
0.046435405
-0.023733038
0.022449577
0.039372846
0.0009825561
0.018297672
-0.033899073
0.009029481
-0.017058285
0.016102389
-0.036954977
0.019421991
-0.02063326
0.011134794
0.017290121
0.0150677925
-0.032830857
0.029699154
0.01325078
0.005130603
0.017161665
-0.026227437
0.029496698
0.025484398
0.007950365
0.0033726944
-0.026324224
-0.0066310805
-0.04645348
0.04849148
-0.022136305
-0.04699543
0.037247498
-0.030410664
0.04194768
-0.033501726
0.050020102
0.036212455
0.010059407
-0.040215492
0.0085407905
0.017774401
-0.015628275
0.07467519
0.025562583
0.019983934
-0.0074921255
0.009763661
0.020901037
0.02854652
0.00477442
-0.023439411
-0.030687233
-0.046004623
-0.021037553
-0.029088693
-0.019139165
-0.06818602
0.008322347
0.00053652684
-0.062354695
0.015656436
0.01600367
-0.021328524
0.005297622
0.014654509
0.041164257
-0.02574237
0.0031749173
-0.008711345
-0.014784267
-0.00087988994
0.051853668
-0.05467021
-0.06269692
0.0007411165
0.060936123
-0.055093568
0.025015805
-0.042557165
0.020245245
-0.019971224
0.015607557
-0.035049718
-0.059346806
0.005523944
-0.009925644
-0.06631584
0.012842817
-0.029824281
0.046764158
-0.022991199
0.0013786895
-0.033542883
-0.011196778
-0.08230796
0.009043088
-0.028626276
0.03909532
0.05634414
0.0057875747
0.021055616
-0.006907305
-0.025797386
-0.0008792485
0.010612456
-0.011587135
0.025827507
0.0015169227
-0.00058724335
-0.0045808465
0.009589364
-0.0022838216
0.03227717
0.007687187
-0.041007098
0.027746005
0.051612403
-0.0022976778
-0.009672406
-0.024885725
0.023048317
0.0110300435
0.020491239
-0.0056460663
0.020150097
0.018852536
0.020052582
-0.05794836
0.02557537
-0.022228396
-0.00021086796
0.022925206
0.0030421424
0.0018602081
0.03994046
-0.0061969655
0.0024254774
-0.032652117
-0.013237885
-0.048769273
0.030039359
0.04374315
0.003691936
0.00019752269
-0.019578544
-0.012887865
-0.019544179
0.02415571
0.020641524
-0.022954691
0.011921949
-0.030995866
-0.010639927
0.004345972
-0.013974631
-0.042789813
-0.0041278154
-0.027419746
0.026218278
0.013594832
-0.012636906
-0.03756884
-0.035048556
0.051396284
-0.0068181385
0.0011538981
-0.0191684
-0.025793876
0.017319249
0.012866434
0.058660112
-4.920241e-05
-0.02209404
0.010353229
-0.06370949
-0.032256134
0.031532064
-0.0024268294
-0.028989507
-0.018687634
-0.066999204
-0.0138638085
-0.02071103
-0.070555106
0.014778033
0.019083772
-0.015113531
-0.007995294
-0.02426668
0.00792697
0.0570278
-0.023982283
-0.020252768
0.012981017
-0.023105212
0.027427921
0.015953265
-0.0049681133
0.000540228
-0.02375699
0.027184999
-0.01411598
-0.0052095335
0.012219525
0.008322233
0.028761474
-0.010874944
0.020628016
0.024872012
0.02958443
0.013216679
0.013102319
0.0046914956
-0.011282132
-0.011993652
0.0034707624
-0.029352829
-0.011389143
-0.0056499443
-0.020508675
-0.016789524
-0.06206218
0.015074456
0.03407253
0.020582935
0.03714631
-0.026805114
-0.00402851
0.045501586
-0.014346885
0.04360888
0.0070998278
-0.01803944
0.027101906
0.005260658
-0.0012064668
0.06475951
-0.0033053476
-0.044446073
-0.042609256
0.017713267
0.010142037
-0.039851412
-0.030352093
0.0023445112
0.0042177513
0.018843247
-0.028328793
0.03013738
-0.026855562
0.040399183
0.013563213
0.031873446
0.010465273
-0.034741312
0.02396949
0.035398643
-0.017594807
-0.012205462
-0.024455968
-0.014153169
-0.01805767
-0.029316014
-0.015144268
0.002279736
-0.02087075
-0.0035701895
-0.01757884
0.013489797
0.039310332
0.014196363
0.048141308
0.0038015754
-0.054056257
0.015923703
-0.017971013
0.039046746
0.012656509
-0.032580588
-0.063558914
-0.017558089
-0.0073271897
-0.010553659
0.036393
-0.060034983
-0.057714988
-0.023124542
0.011091345
-0.02522783
-0.02947595
-0.01417911
0.0247968
-0.043002475
0.04710114
-0.03803491
0.016889805
-0.011793432
0.01950549
0.042174727
0.0219725
-0.0223996
-0.020679288
-0.023881162
0.0071200584
0.009105183
0.044780165
0.008966964
-0.0056224363
0.02929069
0.011526678
0.014491942
-0.017510194
0.0030207012
0.05886933
-0.007287441
-0.05571646
-0.030491319
-0.035611935
0.0008255402
0.012146903
-0.016639635
0.006914276
0.0063062706
-0.022754988
0.027421845
0.0005908689
-0.032025225
-0.012625439
0.023985209
-0.0310945
0.024232898
0.06168339
0.063995995
-0.025798567
-0.026615735
0.020985791
0.015401209
-0.00843483
-0.035261765
-0.025552675
0.0019225121
0.0052097905
0.02138844
0.0051873284
0.017761033
0.0340413
-0.00010182968
0.017852185
-0.038913157
0.016304903
0.029056652
0.030372966
-0.011995138
0.048781015
0.0005240848
-0.0072030057
-0.02053883
0.044128157
0.009441393
-0.0031376374
0.015546488
-0.060848247
0.0017095719
-0.04155771
-0.023710392
0.02814021
-0.025456127
-0.03424913
-0.030100452
0.0019298518
-0.01969479
0.03606607
0.007897861
0.046161614
0.00068680476
-0.00809307
0.035254605
-0.024461877
-0.01840156
-0.04238314
0.0030093247
0.01123619
0.06473552
0.04023613
0.008991017
-0.0197479
-0.025931247
-0.021289526
0.0046810927
-0.0019338045
0.009994612
-0.028255595
-0.032689285
0.012303831
-0.00052313047
-0.005299021
0.016091004
-0.026797539
-0.026217487
0.03478887
-0.0062566586
0.030724136
0.046481967
-0.01148216
-0.02372989
0.018997058
-0.0115709985
0.0073471256
0.070430726
-0.020735791
0.010260575
0.0117164375
-0.010542068
-0.039614357
0.03672642
-0.025566151
-0.045684963
0.03590137
0.011945181
-0.06741617
-0.035602573
-0.02993559
-0.05328027
0.007955002
0.088454716
-0.009245297
0.018245906
-0.008329088
-0.011158703
0.027705114
0.015147081
0.035779625
-0.058469508
0.009485
0.061521865
0.012958924
-0.03693491
-0.005451893
0.035054307
0.02570902
-0.0026786635
-0.024299825
-0.024487646
0.019312391
-0.0071443855
0.033244506
0.0023570843
0.05393874
-0.0010737635
-0.0064053875
-0.065968655
-0.009012693
0.0016594348
-0.013060263
-0.050486777
-0.020106072
-0.025703093
-0.0051679057
-0.011486968
-0.0090617
-0.06284594
-0.024122845
-0.032774046
0.021569667
0.030521825
-0.033307284
0.014888786
-0.004459412
0.03812275
-0.010648757
-0.009727808
-0.038013417
-0.03677997
-0.03547146
-0.009679188
0.020756643
-0.032387167
-0.013606395
0.010510125
0.016173618
-0.00013300848
-0.0013726702
-0.029043978
0.008017074
-0.0033849434
0.00644531
-0.00532891
0.05860042
0.020432046
-0.0029042175
0.036335025
0.0006038712
0.037316814
0.040371045
0.04544165
0.0035666174
0.02379336
0.022365665
-0.002449116
0.038335465
0.008677129
-0.03377389
-0.014004416
0.0058256662
-0.03260374
0.0272966
-0.026194204
0.0289626
0.011206803
-0.049420547
0.047510628
0.058673453
-0.031787474
0.030752772
0.039407045
0.022632934
0.018937383
-0.0060286634
-0.04122902
0.00068048766
-0.03396431
0.02436528
0.0558773
0.02571674
0.039204817
0.008900699
0.014962725
-0.0027404623
-0.003697966
0.050364237
-0.01621364
-0.034122977
0.026215402
0.032852035
-0.038186282
-0.03105686
0.029722618
0.03195904
-0.013363597
-0.017183743
0.0021464734
0.028690156
0.03407524
0.030674279
0.012651153
-0.0003984575
-0.00835764
-0.029326303
0.018171074
-0.013740779
0.018171797
0.0137034
-0.002924402
-0.09880855
-0.024776416
0.004019456
-0.022018284
-0.013192896
-0.030902581
0.00854763
0.043782048
0.011717444
-0.00051737606
-0.043574803
0.03610418
-0.073147535
0.007042911
-0.00737298
0.04428377
0.044329785
-0.039457213
0.01008082
-0.03989479
-0.0029363579
0.0064636464
0.045906693
-0.036022615
0.06838455
-0.027357819
0.050773606
-0.031766385
0.043579135
-0.050243568
-0.041096803
-0.06512164
0.042628355
0.014490042
-0.030825209
0.009696462
0.010156698
0.00598828
0.004854074
-0.037766907
0.01727211
0.030313345
-0.0024612898
-0.06383706
-0.028576246
0.016260602
-0.023971988
-0.02337498
0.009328473
0.0036497703
-0.015233617
0.020546518
0.0058292146
-0.035236478
0.0053341337
-0.044025637
-0.0017244928
0.0099105835
-0.001115634
0.017274816
0.014090384
-0.0024708442
0.00941998
0.02316735
-0.0118485475
-0.014978378
-0.05230409
0.04578746
0.012205492
0.027730964
-0.018158654
-0.011256668
-0.012579379
0.0044478322
-0.013870376
0.04401885
0.012112128
0.008700352
-0.07693488
-0.0003724683
-0.0024223048
0.062713645
0.011245505
-0.036386658
0.029980548
0.0034923228
-0.024707599
-0.0051563336
-0.051795423
0.003862342
0.017700769
-0.031109264
0.04699462
0.0070701046
-0.021338144
-0.012088648
-0.01380018
-0.028441666
-0.015634276
-0.0045948946
-0.014361426
0.009665231
-0.036019616
0.040400106
-0.06642744
-0.028046377
0.008163496
0.03283618
0.02309482
-0.045714
-0.048034538
0.0029793913
-0.051665742
-0.02545439
-0.024279242
-0.01717435
-0.010517411
0.037585855
0.027613493
-0.024239674
-0.01626038
0.01376664
-0.050497722
-0.015689949
-0.04535504
0.0048170816
-0.012342749
0.025578542
0.036523726
0.0038465846
0.017740086
0.008745129
-0.005211108
0.007831543
0.013964989
-0.027057689
-0.0419615
0.011555092
-0.039203264
0.01820455
0.06440377
-0.029212788
0.020743119
0.04359234
-0.025618415
-0.052833874
0.0050266846
0.061789703
0.01615189
-0.02666551
0.010598681
0.027504543
-0.013817901
-0.03755976
0.013802464
-0.017801192
-0.039462473
-0.015157392
0.018061448
-0.0042835986
-0.019774908
0.0024154938
0.016708134
0.038973887
-0.009351571
-0.012734856
-0.04297854
0.04884468
-0.031006508
0.0009198168
0.023748815
0.03910094
0.016019179
0.055529185
0.024752371
-0.049062908
-0.017416783
-0.030184986
0.011065893
0.03888007
-0.0018090025
-0.020267624
0.039546404
0.039158978
-0.0007659309
-0.047519628
0.054948717
-0.0022841324
0.00031757372
0.018736668
0.009876541
0.06481621
-0.038126923
0.00591601
-0.06054428
0.0071727904
-0.03191841
-0.018138843
0.037144687
-0.004671214
-0.003156793
-0.004115114
0.015148261
-0.032860637
0.012514771
-0.059549645
0.026672216
0.00825214
-0.01875152
-0.03686035
0.04988628
0.03989124
0.011641206
0.04053156
0.0022100501
-0.049629368
0.042137265
0.0011653284
0.013046923
-0.002824035
-0.011618578
-0.020995373
0.01001153
-0.02070266
-0.01858518
-0.0125872865
-0.010965303
0.034748174
0.026632374
0.017397048
-0.05510036
0.00064330845
-0.027180701
0.016696075
-0.040047076
0.0043515437
-0.0444945
0.04415546
-0.026203452
0.0033533177
0.0036090908
0.020175086
-0.0016082387
-0.00068874407
-0.0523699
0.011689602
0.027405763
-0.05313053
-0.016022861
-0.043229625
0.00073509035
-0.00089970726
-0.05207225
-0.035170395
0.04984097
0.012986176
0.004790778
0.0068646288
0.04491801
0.027775237
0.0062562698
-0.010466977
-0.020860873
-0.028099073
-0.053753484
0.025392072
-0.015524262
-0.023021933
-0.028367946
0.05645216
-0.013658977
0.0016949658
0.039839815
-0.016411914
0.029978832
0.025268637
-0.023209553
0.039455745
-0.0018801362
-0.0044570165
0.051914662
-0.018783944
0.02626037
-0.03440478
0.0012850626
-0.010871498
-0.020056747
-0.05733531
0.030660288
-0.0076428396
0.015778184
0.02611815
0.020716708
-0.06653584
0.039786883
0.023285056
0.0028889966
-0.045930374
-0.018913507
-0.03379608
-0.017646603
-0.03347059
0.0028007445
-0.04569904
0.007430532
-0.01160151
-0.0029020652
0.06881801
-0.0437702
0.042278845
0.024648372
0.013538409
0.051518776
0.015752615
-0.010441494
-0.032446507
0.028987493
-0.025763398
0.00017122836
-0.0321554
0.0057448507
-0.02411065
-0.020525327
-0.041665547
0.025725694
-0.03299611
0.051695257
0.040979076
-0.024077252
0.007833275
-0.005708257
0.024060348
-0.025050564
0.018073013
-0.0031428875
-0.019708924
0.03510635
0.045947637
0.012695644
-0.005531692
0.032800082
0.019602913
0.01855813
0.018235527
-0.024920743
-0.02750077
0.009671968
0.021930326
0.027235864
0.021555852
-0.023515781
0.048246678
-0.0025444424
0.061582435
-0.019627552
0.0070404406
-0.013359883
-0.094190635
0.02048161
-0.037079297
0.022501322
-0.07941999
-0.017828554
0.00903266
-0.005138411
-0.039660458
0.043250274
-0.028114313
0.008776414
0.009229591
-0.010900927
0.027456587
0.046387862
-0.031706277
-0.026458038
0.014063949
0.01948971
-0.004056096
-0.09576138
-0.033588327
-0.017391188
0.044123244
-0.050578244
0.037051994
0.028533643
-0.005657538
0.0003963451
-0.020294456
-0.026040075
-0.0025080608
-0.031357404
-0.024957351
-0.052807096
0.02739756
0.08156217
0.001217353
-0.030193819
-0.01206235
-0.010617462
0.011580692
-0.040774453
0.011716684
0.0025378144
-0.04551536
-0.03917311
-0.007954987
-0.004347837
0.021545522
0.036352474
0.042369757
-0.013008448
0.001892756
-0.0007397976
-0.0025012433
0.033882935
0.043909937
-0.020216351
0.0018526628
0.062622085
-0.038880374
-0.021422384
-0.019442301
0.032558583
-0.015632646
-0.026827421
0.01657214
-0.0056064175
0.015444125
-0.004138915
-0.0052712685
0.034244496
0.029045057
-0.054262273
-0.025265846
0.05788687
0.031919852
-0.0088625355
-0.019032583
0.043552987
-0.0017783196
0.030687563
-0.03702524
-0.062368218
0.010676917
-0.033739276
-0.032459795
-0.013922729
-0.043811105
-0.035868704
-0.003641717
-0.033041358
0.012101299
0.04338322
-0.034389254
0.023144463
-0.013478709
-0.030232184
0.0064018792
-0.0016373253
0.0001353179
-0.021091122
0.009861863
0.02094076
0.026609361
0.054980226
-0.014519625
-0.014025482
-0.013661303
-0.03614886
-0.035916287
-0.005371435
-0.006397197
-0.046054013
-0.015095191
-0.010124985
-0.010410365
-0.010789833
0.036663096
-0.014916179
0.046102572
-0.071932144
-0.06593963
-0.0036458462
-0.05641401
-0.022370478
0.026249582
0.01148118
0.07017664
-0.022437261
-0.050030418
-0.031505343
0.013772484
-0.034449946
-0.040335357
-0.032825172
-0.021216264
0.027278185
-0.018244999
-0.018435301
0.027519206
-0.016208598
0.019293176
-0.0013541055
-0.0075021745
-0.021396052
0.00022170575
0.02814394
0.06551996
0.04981627
-0.029651986
-0.016932478
0.020299878
5.9692717e-05
0.00234457
-0.00032452034
0.0070348848
0.00082098093
0.02514958
0.0009332087
-0.0023142276
0.010313216
-0.00533067
-0.05612291
-0.031461783
0.026897058
-0.029812107
-0.005290661
0.011006516
-0.009854951
0.0014070483
-0.005804612
-0.0221641
0.0001861747
0.03652673
-0.0239505
0.00047199609
0.030454623
0.02640397
0.021354988
-0.017626813
0.0032529135
-0.024877023
0.02283883
0.0091346
0.013788772
0.004778878
-0.024722373
0.037858676
-0.046063583
-0.025996683
0.04047417
-0.0030781506
0.0350664
-0.041601334
0.037392702
0.0032453132
-0.04149854
-0.025715692
0.0297217
-0.0098159835
0.00070781267
-0.009956192
0.04185231
0.024588933
0.02612958
0.0018944377
-0.0029106806
-0.020968612
-0.029101599
0.075180836
-0.023677569
-0.030661631
0.017248014
-0.02034901
0.03648182
-0.008290087
0.028001057
-0.002247206
0.0035954232
-0.0034767739
-0.016901875
-0.017982837
0.036953583
0.030070208
-0.0019583781
-0.028352082
-0.016956996
0.03387691
-0.03426785
0.00935837
0.032160733
0.013719689
0.00015207658
-0.03541819
-0.026506394
-0.06825508
-0.004344149
-0.0048693675
0.004247726
0.015689738
-0.023449633
-0.024643034
-0.042727713
0.004773227
-0.0033953462
0.039942525
-0.024115337
-0.033042107
-0.015036836
-0.020462694
0.025588067
-0.035263777
0.055451967
-0.028562376
0.037077464
-0.04482282
0.012009649
0.025745962
-0.012369429
-0.013503605
0.021913141
0.004229273
0.008756606
-0.015195057
0.0031805167
-0.01214713
0.027233636
0.020159354
-0.002057199
0.055348326
-0.019600833
0.028284311
-0.032465495
0.04748391
0.051797904
-0.012812187
-0.034352466
0.0027049598
-0.042492155
0.030857315
0.036634073
0.027297763
0.0032638307
0.0017460217
-0.025849141
-0.002082221
-0.021256974
-0.003608681
0.033215553
-0.058513522
-0.078432664
-0.01828893
0.014495038
0.007679648
0.03772026
-0.018824834
0.027159583
0.05792031
-0.028948423
-0.037218306
-0.035549775
0.02000658
-0.042432122
-0.01859151
-0.06586168
0.016827611
0.031939395
-0.022965228
0.020989327
-0.019220961
-0.013138489
0.044544473
-0.036091153
-0.015485272
-0.003745962
-0.00032302988
0.051954463
0.014187765
-0.0131857125
-0.061508015
0.010465914
-0.015484064
-0.023090458
-0.008147724
-0.032803994
-0.021481035
-0.0032842536
-0.039704468
0.00091888005
0.04427615
-0.005752406
-0.0112672215
0.016397232
0.00072698784
0.0037431777
0.057287343
0.0027990043
-0.037881162
-0.0028227696
0.0012056922
-0.03175817
0.00847568
0.004006438
0.015805533
0.015914962
-0.023898654
0.0020470598
-0.027917152
0.0028778499
-0.069903485
0.01606548
-0.0021222094
0.02432053
0.03316302
-0.0075370558
-0.037800763
-0.01133985
0.02280209
-0.010260338
-0.01138542
0.03481449
0.005272708
0.040125847
-0.019724624
0.0062890467
-0.018355215
-0.0022572055
-0.03592831
0.027593004
-0.046048887
0.024374094
0.017650459
0.014768279
0.01636669
-0.0033529382
-0.016543843
-0.01876148
0.029407585
0.026990462
-0.013494476
-0.0060371566
0.011690107
0.012360335
0.00017493784
0.013749804
-0.015072521
-0.0036134569
0.015338004
-0.02019373
-0.014328389
-0.0003202302
0.04412585
0.008546967
0.013874661
0.013177381
0.029002562
0.008382664
0.013587306
-0.0041752104
-0.0014607627
0.0291076
-0.031633466
-0.0031687724
0.0046763453
0.030993428
-0.015072729
0.047498442
-0.01968188
0.03541235
-0.0060596624
0.026760696
-0.014231719
0.013188905
0.032463335
0.03764709
0.011967816
-0.006717311
0.026156286
0.020830244
0.033593588
0.034134958
-0.05996822
-0.041680556
0.024142036
-0.0031757927
0.014056142
-0.0296493
0.002787193
0.0151097765
0.0033928207
0.02638882
0.0059784907
0.020160804
0.026493976
-0.0031696968
-0.04148851
-0.018393124
0.028187344
-0.000102460646
-0.00543149
-0.00508159
-0.022514842
0.0029684163
0.012547575
-0.030196501
-0.010216964
0.042776916
0.0038046208
-0.008151347
0.045164846
-0.007369589
0.0052719335
-0.018958272
-0.00025101632
-0.03391502
0.029727431
0.031033032
0.010816493
-0.069718555
-0.056577653
-0.00967885
0.03472834
-0.0135751115
0.047362965
-0.003147527
0.050189566
0.03913835
-0.027400507
0.023864545
0.050305393
0.014236546
0.017195264
0.033268627
-0.016265621
-0.009908357
-0.044596605
-0.0060866694
-0.014104768
-0.009100481
0.043365166
0.010296952
0.01566561
0.012503742
-0.027319515
0.028128978
0.0013066968
0.0049944585
0.0063641807
-0.035700984
-0.019214753
0.0032385695
0.004932104
-0.0024734638
-0.027890401
-0.0039406656
-0.016011162
0.0047443747
-0.018369174
0.005713605
-0.042214785
-0.0051247487
0.0047066887
0.010908275
0.039043844
-0.0032059555
0.0026344927
0.026459483
0.030760545
-0.04175032
-0.047267824
-0.0063906056
0.0085944105
-0.011385232
-0.0078201555
-0.019525526
0.011853022
-0.04359508
0.019402198
-0.019341886
-0.03208696
-0.0074471813
0.07240774
0.042108703
0.006958676
-0.028869445
0.0016330674
0.0793668
-0.0100031765
-0.028776886
0.028570322
0.020784033
0.026392864
-0.024458148
0.06008806
-0.058220427
0.032374732
0.030420193
-0.045603126
0.04827679
-0.025424097
0.028645648
0.026338993
-0.0073434724
0.007897821
0.0136332
-0.046423286
0.008756084
0.03133067
-0.010408643
-0.023307139
0.051330585
0.025909858
0.0062205642
-0.06977728
-0.025535116
-0.008944413
0.047890972
0.016701877
0.02998892
-0.0064479006
-0.025152754
0.03381152
0.04966507
-0.015955882
0.044669636
-0.027324352
0.04562884
-0.037744578
0.008253078
0.008708502
0.07228318
-0.03550704
-0.060839158
0.048875645
-0.017510818
0.008967457
0.0057533397
0.032917563
-0.046666086
0.011318701
0.009398697
0.004072882
-0.011300844
-0.0012854765
0.0095358705
-0.003713731
-0.01925866
0.0020162372
-0.017484192
-0.029815845
-0.011320333
0.011669988
0.021139598
-0.01930031
-0.0452142
0.061401825
0.1061156
0.008860641
0.018798416
-0.0036202082
0.030760571
0.013155123
0.042116914
-0.036152437
0.035103783
-0.023662366
0.021240655
-0.005098722
-0.005122204
-0.03660525
-0.016958872
-0.032404095
0.0070015965
-0.0077110277
0.00018331438
-0.026435405
0.036896843
0.009128093
0.018422483
0.04078899
-0.027612966
-0.035460673
0.0048167333
0.026287623
0.021853529
0.020429809
-0.030116338
0.04006407
-0.01814098
-0.019191045
0.048143137
-0.0093799755
-0.0052942564
0.014818571
-0.00617263
0.033393692
-0.014647272
0.027257444
0.022066686
0.0459491
0.00199979
-0.0061491528
0.032599576
-0.0028377841
-0.013338079
0.07231627
-0.020540735
0.017037662
-0.04230168
-0.031453427
-0.009890779
0.035514485
0.011609283
0.023737518
0.00939233
0.004315707
-0.004255902
0.039956357
-0.024033336
-0.00689214
-0.010034137
-0.0072379354
0.039040357
-0.011103964
0.0011297757
-0.0011109549
0.017746743
-0.034542277
-0.03503413
-0.08398234
0.014297547
-0.03292941
0.022481062
0.022749431
0.005732729
0.037282445
-0.0014159044
0.014368345
0.02458087
-0.048053935
-0.024345467
0.017426498
0.00927174
-0.01540756
0.055922188
0.018814445
-0.029624922
-0.004043303
-0.021216618
-0.015547575
-0.011315491
-0.020696798
-0.024106389
0.004536601
0.0151004745
-0.03714956
0.045776494
-0.013017128
0.008170218
-0.001323161
-0.01907265
-0.0351425
-0.08127789
-0.012555643
0.0097340895
0.028112933
0.037020095
-0.01625156
0.019512571
0.028911233
-0.0397956
-0.016728584
-0.017112562
0.022495655
0.037377242
0.028493209
0.03637831
0.003973429
-0.033577763
-0.0066118413
0.0021765132
0.015028625
0.016124286
0.019805396
0.04041599
0.02591697
-0.0048967223
-0.019399488
-0.010066724
0.011745245
-0.023116114
0.054954063
0.0111233
0.016943919
0.04223827
0.012206492
-0.0011689023
0.027572546
-0.03944014
0.025054617
-0.011909011
0.03622639
-0.014780711
-0.0049121534
0.04626409
0.004529945
0.009321883
-0.029052008
-0.050534416
0.01883326
-0.015457428
-0.0008101084
0.043459162
0.013681423
-0.016326223
0.011096546
0.0048307744
-0.01904537
-0.02267606
-0.05880082
0.07896177
0.015404302
0.05870798
-0.03470322
-0.013785372
-0.041132014
0.02734459
-0.033124205
-0.017471533
-0.007431206
0.01382614
0.058588225
0.051139276
0.008711947
0.050066657
-0.016044255
-0.001064971
0.011388075
-0.017176326
0.041627582
-0.011272596
0.0074761487
-0.007065584
-0.0055893734
0.015838955
0.020401655
-0.003999839
0.04591368
0.049208656
-0.022627514
-0.059027057
-0.013533252
0.053452723
-0.035088435
-0.05016368
0.0007016277
0.0036753411
-0.053945508
0.033785
-0.009263237
0.013670517
-0.038223695
0.017190628
-0.04328553
-0.01616765
0.005736595
0.011333229
0.029273462
-0.013377556
0.0035368535
-0.0034337277
0.041611247
0.017943626
-0.057990577
0.0025606854
-0.030409006
0.0071331006
-3.5399815e-05
0.023809671
-0.0045540617
-0.0012826546
0.0003631404
0.012658761
-0.012199031
0.044709783
0.0073001985
0.009537832
-0.0040863594
0.043367006
-0.058607504
-0.010731011
-0.014586089
0.016267776
-0.010145389
-0.0032835198
-0.019662192
0.016002696
0.009009801
-0.020877378
0.07455494
-0.001149869
0.022097854
0.031228233
0.0055641937
0.016642783
-0.035043955
-0.018102612
-0.0128917545
-0.011335237
-0.045657326
0.03592006
0.06385016
-0.026181487
-0.003746584
0.028115088
-0.015280258
0.009877465
-0.017873913
0.0199083
-0.05211144
0.012950679
-0.051575385
-0.054562207
-0.014148982
-0.011937927
-0.059196148
-0.0003290904
-0.031595018
0.062411673
0.055500284
-0.038057595
-0.04736031
-0.042186964
-0.018178241
0.008373556
0.023122285
0.075178266
0.02510762
-0.023753893
-0.012449781
0.0042029275
-0.012609327
-0.014523602
0.03696764
-0.00286024
-0.035184335
0.00032763893
-0.04290823
0.010097444
0.020122819
0.018274503
-0.03105885
0.0041755107
-0.019899042
0.030650064
0.026479747
-0.013467094
0.022618765
0.010273984
0.00031359878
-0.03000763
-0.040240187
-0.040670726
-0.034756146
-0.037505172
0.0117064435
-0.03594361
0.049074512
-0.007949877
-0.04634948
-0.00091857865
-0.0010730735
-0.013126088
0.01077315
-0.018518932
0.013868899
-0.028617864
-0.025069652
-0.021668749
0.0392215
-0.023823379
0.03947086
-0.06281534
0.016910393
-0.041774865
0.010440295
-0.012318579
-0.038750593
-0.0045805597
-0.014956636
0.03924435
0.042514533
0.0055283373
0.04440571
0.04195977
0.01446706
-0.050248127
-0.002855096
-0.017008124
0.03675406
0.05172863
-0.026259635
0.0026494376
0.008159876
0.019563654
-0.022309186
-0.0011665262
-0.009507906
-0.007663401
-0.013032336
-0.014621065
-0.012673197
-0.015365815
-0.013935682
-0.02283885
-0.010437086
0.012507966
0.015729826
0.07645331
0.029137688
-0.013188752
0.10130184
0.036963977
-0.0019586647
0.027061185
0.016721288
-0.021753374
-0.022016086
0.009093062
0.0026865061
0.012620859
0.058386263
0.02915448
0.023153668
-0.019865338
0.032413535
0.019962683
-0.00058413605
0.0032645052
-0.036853295
0.08573043
-0.014378245
-0.018532172
0.01557688
-0.013764692
-0.05695995
-0.001348274
-0.00037732674
-0.054170635
0.0072476887
0.00070421107
0.03660837
-0.052427363
0.06848688
0.027335854
-0.012710036
-0.011199099
-0.012789009
0.00587992
0.0139270965
0.047485553
-0.014396175
-0.02174268
-0.009142894
0.058593083
-0.019534815
-0.02419726
-0.029327214
-0.0015219196
-0.046910036
-0.0016710499
-0.048907705
-0.0053034765
0.0037107363
-0.004783345
-0.028067615
-0.04303923
0.017276023
0.037256822
0.017361663
-0.045455866
0.014257379
-0.032683533
-0.068009205
0.025414452
-0.033054225
0.027005034
-0.021506077
0.06950216
0.014535333
0.0152048245
-0.00027938606
0.022073364
0.08350825
0.03616199
0.032710314
0.036905035
-0.034342017
0.06920252
0.018974956
-0.014457009
0.053046193
0.00966658
-0.034080274
0.0014702101
-0.0025957378
0.022222757
0.074171744
0.02346657
-0.049063746
0.038809493
-0.022550562
0.0038895644
0.014215652
0.00026433237
-0.012652323
-0.038969673
-0.022994248
0.020613996
0.026398476
0.0659232
-0.023532804
-0.022745984
0.028237209
0.03223776
-0.015759524
0.043130577
-0.0052318387
-0.035260595
-0.007471168
0.0042661754
-0.00963038
-0.007474695
0.01900816
0.030422824
-0.021239642
0.0010766945
0.038261823
0.055594932
-0.010941867
0.013075317
-0.020648245
-0.004540876
-0.020007104
0.029973464
0.010804197
0.018846605
0.0033919627
0.03201268
-0.042385224
0.045757376
0.042365115
-0.018013429
-0.03453188
-0.03028952
0.042864636
-0.0056203157
-0.06574203
0.0021638034
-0.067441866
0.05114264
-0.016800473
-0.022360433
-0.02206348
0.0066892174
0.017424298
0.0028574253
-0.002458754
0.011961385
0.027894042
-0.00749475
-0.0046771457
-0.038941354
-0.01980866
0.029954953
-0.041302215
0.014574891
0.036886834
0.03570221
0.01891368
-0.035056125
-0.004088788
-0.042673577
-0.013648343
0.018958347
0.023027597
-0.014682443
0.012135403
-0.0074155955
-0.006085667
0.020292917
-0.030486688
-0.04171722
-0.005096287
0.027989991
0.0051105996
0.033139452
-0.016597008
0.004747688
-0.045964476
0.034223385
0.031116372
0.050610002
-0.059610825
-0.0039872183
-0.047902275
-0.0027141909
-0.003310012
-0.061765213
0.02496969
-0.023589885
0.0029358447
-0.025376096
-0.0047939285
0.009597435
0.0156163955
-0.08519827
-0.00062999374
0.013548675
-0.04534166
-0.008415494
0.038107503
-0.0060334494
0.043928456
0.0054069376
-0.0033864272
0.034184683
-0.03347297
-0.012811438
-0.01660151
0.02098102
0.021278782
-0.03146822
-0.010397004
0.06434998
-0.023481246
-0.079891086
-0.0052970718
-0.009640267
-0.030406255
0.0046302616
0.0039354134
0.01556377
0.021810176
0.0065929038
-0.014529603
-0.019927373
-0.056997992
0.02173744
0.034783892
0.023345126
0.02789868
0.024357155
0.0017010173
-0.051017966
-0.007610948
0.041299693
-0.019068513
-0.012770933
-0.0168154
-0.002489423
0.010800004
-0.014205315
-0.05416274
-0.04393353
-0.0019155655
0.03183647
0.007893218
0.07097585
-0.05736543
0.037682105
0.020582886
0.042852
-0.037715353
-0.0128861265
-0.029043997
0.011233917
-0.062238287
-0.025156463
0.018390702
-0.006377009
-0.007986514
0.009684274
-0.031350072
0.03843517
-0.010525093
-0.016908564
-0.049672253
-0.019342775
0.009893771
0.018690513
-0.04483279
-0.022571301
-0.037666373
-0.010661405
0.045483485
0.0073857196
0.0014048778
-0.03110632
-0.03110153
-0.042706735
-0.02345499
0.037975047
0.026613573
0.02125887
0.010052665
0.04387206
-0.012172461
-0.006722884
-0.03438243
0.0003905588
-0.03817469
-0.017203491
0.008638553
0.008785587
-0.028050316
0.054589793
-0.018435147
-0.04257171
-0.023419792
0.014601507
0.017044872
0.0030621975
-0.05206026
-0.02686837
-0.028266462
0.002412703
-0.0032967848
-0.037993886
-0.014010656
0.037846867
0.03995707
0.004058267
0.05430195
0.008646504
-0.016505104
-0.02194548
-0.05474141
-0.04701909
0.007682525
-0.029462872
-0.05184564
0.023161124
0.03961855
-0.049448896
-0.0029093313
-0.030554507
-0.001944813
0.039658867
-0.011510622
0.021597479
0.0040816595
-0.0056657796
0.012275931
-0.045289665
0.006676223
0.009016242
0.05481516
-0.020894626
-0.06587478
0.02624994
0.07469162
-0.044085514
0.0033566498
-0.045631576
0.021678189
0.06789222
0.030620398
-0.0152016645
-0.0105987135
0.0034010122
0.004331709
0.002972012
-0.023828393
0.013454027
0.0023821436
-0.07576139
0.0031551358
-0.018549435
0.023742886
0.024755212
-0.012069307
0.03865823
0.01548123
-0.004984491
0.031615365
-0.023324262
0.039348807
-0.029487586
-0.018126851
-0.016113417
-0.022201551
-0.053722546
0.0012865289
-0.025208676
-0.016400238
-0.020430686
0.0156216305
-0.0054624747
0.0015229011
0.00358443
-0.023002876
-0.052838113
-0.035845105
0.01748329
-0.019697854
-0.010591278
-0.010743356
-0.0010707458
0.019085089
-0.056932904
-0.0065579037
-0.051161665
-0.009739758
0.091425374
0.0064938674
-0.032288477
-0.0009778311
-0.02542287
0.03665828
-0.026973518
-0.07778051
-0.008310027
-0.031408228
-0.0180622
0.006296169
-0.0035542746
0.015727421
0.018626943
0.018496647
0.021809597
-0.04426886
-0.0055950233
0.096525885
0.006562142
0.025211368
0.012076181
0.035936415
-0.028392067
0.0059646475
0.0439229
0.016884632
-0.036118407
0.0018470387
0.017287087
-0.013170223
0.029644988
-0.033697423
-0.049942344
-0.015228536
-0.034039617
0.03963356
-0.005649403
0.04933486
0.054751206
0.03530681
-0.03964579
-0.044185802
0.034196675
-0.042561237
0.007917759
-0.010752315
0.017568102
0.021694902
-0.029742055
0.0031165741
-0.003435479
-0.012474248
-0.009776282
-0.0072659003
-0.015908038
-0.002361702
0.004307306
0.030926395
0.025414294
0.017823236
-0.019833539
-0.03737157
-0.0011752177
0.02244859
0.038441155
-0.020841874
0.006952317
-0.03978797
-0.06548355
0.030153196
0.062455896
0.04091864
0.033955142
-0.02098878
0.032283574
0.028719828
0.031285085
-0.0058253445
-0.007174974
0.03480071
0.054996997
-0.026621351
0.035411753
0.025016176
-0.03429086
0.0324941
0.004573823
0.010207435
-0.04516582
0.02461939
-0.04755795
0.017139267
-0.041313145
0.011947113
0.004840137
0.016112389
-0.05447225
-0.024994073
-0.017184597
0.0019188292
0.085320465
-0.008806324
-0.022167696
-0.051111232
-0.03578675
-0.0023767205
-0.009903413
-0.005750087
-0.00013989737
-0.030281205
0.021048963
-0.0014437556
0.022964174
-0.015568122
-0.0253133
-0.072515756
-0.045491837
-0.012224349
-0.019967457
0.0053420737
-0.004643714
0.018795978
0.033621073
0.017998414
-0.041571755
0.05635999
-0.01786989
-0.014112527
-0.04515107
0.029289305
-0.02053205
-0.03037305
-0.022602184
0.018863028
0.039981093
0.007605995
0.041122366
0.020585122
0.03504955
-0.0021197407
-0.030127343
-0.0034890827
0.005166847
0.040842395
-0.032354627
-0.030440722
-0.018844455
0.049433574
0.032434333
0.013047845
-0.09814814
0.011273248
0.042019777
-0.039327607
0.0040049334
-0.024981832
0.014866616
0.016614182
0.0065447255
-0.03006403
0.00053118926
0.026214097
0.0005750869
0.008399771
0.018731909
0.055482917
-0.0163184
0.000754367
0.0007811674
-0.020822233
0.059938036
0.0077074277
0.038446844
-0.0034311349
0.010787451
0.013362102
-0.008209273
-0.020370891
0.027758373
-0.0052152104
-0.01704256
0.045592602
0.018181827
0.0023867607
-0.055582155
0.0038448968
0.013310739
0.0060778055
0.01480403
0.03132096
-0.00806937
-0.011013648
0.045870706
-0.021170596
-0.017087184
-0.039922345
-0.046314463
-0.001063808
0.05265627
0.031376813
0.017722655
0.019078303
-0.045009796
0.03539442
-0.0835211
0.039569017
-0.0022088469
-0.02566561
-0.017203037
0.008845274
-0.053068366
0.0068364833
0.03229098
-0.007131512
-0.012841402
-0.0033402983
-0.015605085
0.030909339
-0.022006262
-0.014820883
0.06399342
0.0026711123
-0.053622857
-0.035901736
-0.007428424
-0.005755913
0.0019227794
0.030190738
0.016049247
0.028654942
-0.026738694
-0.048223507
-0.003974897
0.07899463
-0.012716737
-0.001124934
-0.000980945
-0.047686767
0.030825133
-0.042290904
-0.008790918
0.018192464
-0.042206146
-0.014215688
-0.023874613
-0.044718917
-0.0027923987
0.008877453
0.00035158134
0.04023695
0.021674868
-0.0073318733
-0.021651754
0.00571607
-0.004320906
-0.0015582496
0.05525129
0.0028194303
0.061184164
0.025190884
0.017582593
0.023433069
-0.04908724
-0.0052736355
-0.009428687
0.009098412
-0.026143773
-0.007290603
-0.024026232
0.072650105
-0.005703062
-0.034884803
0.022372216
0.0083888285
0.03556316
0.02319381
-0.010078994
0.009595614
0.023467695
-0.0024081843
-0.037904803
-0.000708555
0.047849193
-0.039116375
-0.06835892
0.031240428
0.015101655
-0.026810382
0.021689232
-0.013034078
0.004859487
0.009432924
0.019539123
0.002877553
-0.004025773
-0.08126161
0.0072328844
-0.015387886
4.911928e-05
0.039800003
0.0026508619
-0.030263558
-0.01747322
-0.0427375
-0.067499295
-0.018236762
0.03549818
-0.00035006017
-0.028600976
-0.00884076
0.027289078
0.027067976
-0.030629495
0.019953215
-0.012912891
0.027396673
-0.02461956
-0.048940107
-0.00889181
-0.011905068
0.0023253674
-0.01540379
0.012939878
-0.00725633
-0.029431732
-0.00047641754
0.042763595
-0.018803362
0.011411674
-0.0055137
-0.019754408
-0.07602062
-0.014601205
0.00265089
0.027362676
-0.043098796
0.001451008
0.0063151675
0.031137485
-0.006953016
-0.017701572
-0.012940308
-0.0066938894
0.01737357
-0.03165219
0.0012959404
0.027292974
0.00014883805
-0.0029654873
0.025309717
0.0028507572
-0.03989366
0.027981455
-0.029549304
-0.0009099294
0.0012212417
-0.014644618
-0.012066076
-0.012191795
-0.013370481
-0.039201755
0.0154969245
-0.04506701
0.026162963
0.0408886
-0.034764588
0.04382509
0.008657259
-0.04198411
0.022914924
0.015636448
0.04821514
0.024486138
-0.0070456713
-0.07551502
-0.029802822
0.057008527
-0.0507242
0.015912341
-0.019644799
-0.003829606
0.034406263
0.019285021
0.009980402
-0.02825678
-0.046698503
0.026246153
-0.0023485664
0.0021372354
0.006003395
-0.006159672
0.04698602
0.018653331
-0.0014703838
-0.04536841
0.016210252
-0.009793499
0.0024033475
-0.04597775
-0.015282757
0.044397462
0.012760928
0.030328987
0.038273737
0.017083362
-0.026750935
0.009798614
0.03874917
0.0056292647
0.0072295885
0.023834426
0.0025822544
-0.06706419
-0.02200997
-0.06469392
-0.027739111
-0.027969811
-0.0026914866
0.025284678
0.01429467
0.0043379976
-0.008027881
0.059957255
-0.019683668
0.006482769
0.005524673
0.008978399
-0.05338561
-0.0253194
0.014293006
0.01600105
0.024656951
-0.016536139
-0.007906744
-0.0076280157
0.06500034
-0.016053027
0.008570561
-0.015882485
-0.033395305
0.013641005
0.013919498
0.008661131
-0.010074525
-0.0034958606
-0.022115607
0.041735027
-0.029513694
0.010555986
-0.037178867
-0.036809172
0.012345322
-0.028047083
-0.018665059
0.012775293
-0.020184284
0.034205038
0.014218728
-0.009337676
0.037703097
-0.022366501
0.017959867
0.0031620734
-0.013144575
-0.0036609436
-0.047701307
-0.08886865
-0.013646973
0.047394868
0.014513426
-0.028296633
0.012093817
-0.060139026
-0.02720036
0.006885669
0.041142084
-0.016265402
0.019938303
-0.043515317
-0.01655519
-0.025394801
0.026606686
-0.0025518546
-0.039773267
0.005485305
0.00015220919
-0.006573625
0.022037614
-0.00088151544
-0.075893424
-0.006508735
0.021650305
-0.06996266
-0.04456904
-0.017431518
0.03827359
0.004191742
0.008057697
-0.003609819
-0.0138259055
0.026781311
0.018455671
-0.028933061
-0.015788699
0.027497645
0.016620975
0.04427306
-0.020248555
0.001983334
-0.018816872
0.009529558
-0.031574294
0.008809867
0.033188432
-0.03206003
-0.022037001
-0.005507046
0.036974303
0.019741738
-0.011417587
-0.008775664
0.028871058
0.019939559
0.013324069
-0.007681597
-0.015789315
-0.004531629
0.017884493
-0.0018972311
0.008485974
0.026256122
-0.035174344
-0.021272577
0.022979239
-0.019707255
0.0222539
-0.034384422
0.041480824
-0.02485269
0.001568789
0.017205022
-0.0365662
0.019895067
-0.032834675
-0.03234117
0.07348899
-0.05136136
-0.003944638
-0.025377506
-0.0633955
-0.052192606
-0.014209904
0.0023887288
0.03564042
-0.10287346
0.0037886263
0.016873673
0.022956984
-0.035925515
0.01244636
0.009043638
0.011623184
-0.043340158
-0.038565103
-0.0068371976
0.016953392
0.029905418
0.016903726
0.0015183524
-0.05517686
0.014960069
0.019062653
-0.06814595
0.019058358
0.041842464
0.037284892
-0.011374216
0.0011107116
0.014019388
-0.0096077025
-0.0151963085
0.013818763
-0.018252255
-0.059916455
-0.03749191
0.01211217
0.045807038
-0.014572882
0.0009891713
0.007633347
0.022214213
0.028440086
0.004077594
0.027721738
0.0021951145
-0.03421204
-0.015826898
0.0027721648
0.041450374
0.009573212
0.015391376
0.011160907
0.002320049
-0.013628389
-0.017923545
0.02206123
-0.029133203
-0.06220314
-0.009220705
0.04146289
-0.004817393
0.017606838
-0.026504135
0.0027635123
0.015189609
0.052800614
-0.029242137
0.016661141
0.029699354
0.012838826
0.026123444
-0.01132599
0.023470161
-0.031775143
-0.027947802
0.03582093
0.023892317
0.029828021
0.031715777
-0.004520561
-0.0012060689
0.0039658677
0.012249699
-0.024244757
-0.029318059
0.024496632
0.017217813
0.007824888
-0.000690981
-0.02016505
-0.016652051
0.0047943825
-0.014756533
0.0099696005
0.014950333
-7.0736925e-05
-0.007047915
0.021282762
0.021009801
-0.054495353
-0.043460276
0.055465743
-0.028262284
0.014997459
-0.018772237
0.015685681
-0.011544392
0.02205811
0.01784784
-0.014939755
0.002051772
-0.06591343
0.012173488
-0.0028806236
0.021375615
0.044092163
-0.0106662335
0.0030583157
-0.0053632897
-0.06413673
-0.020069897
0.023911867
-0.023233173
-0.013116394
0.03352471
-0.011091697
-0.023948781
0.032371752
-0.00071280194
-0.025931414
-0.0113567645
-0.030732678
-0.031091563
0.020891067
0.030239202
0.037438016
0.015786175
-0.017456494
0.014896528
-0.021425305
-0.06073181
0.016406002
0.05869507
0.018665062
0.0074162856
-0.000817065
-0.040370796
-0.046270397
0.0118116215
-0.039444894
-0.049557246
0.0002074636
0.026889062
-0.034666687
-0.016010547
0.012501227
-0.024096038
0.035744473
0.02015683
0.029977104
-0.05483853
0.019498343
0.045982014
0.009260552
-0.035572205
0.009405414
0.016407829
0.010147553
0.044627678
-0.007043506
-0.08127883
-0.07622641
-0.06153604
0.011661278
-0.066209726
-0.0086919265
0.0072892574
0.022414966
-0.0024534424
-0.004344658
-0.0011182602
-0.011876886
0.02399044
-0.016730536
-0.047371432
-0.017337888
-0.0404377
0.035063535
0.03855913
-0.022685751
-0.03582773
0.0001541152
-0.0423497
-0.0016914915
-0.027183158
0.0014370531
0.0012683764
0.07380172
0.04247572
0.003662006
0.003765842
0.027705807
0.10506983
0.011387036
0.058459233
0.0125766955
-0.0063082534
0.0073805475
-0.035238113
-0.023862842
-0.018004004
0.014994201
0.015741855
0.0010669187
0.022551348
0.0034756148
0.020303871
0.0062147006
-0.008839432
-0.0014064793
-0.025566483
0.017691076
-0.016864005
0.017541748
0.037127387
-0.032454785
-0.017391354
-0.014393883
0.029432429
0.03841572
-0.039339848
0.016448384
0.020032337
0.035149246
0.0028439607
0.04877119
0.024664063
-0.028437855
-0.008881339
-0.034236804
0.021941263
0.041719314
0.037345544
0.040583767
-1.8118993e-05
-0.020119395
-0.00037669038
0.05294995
0.0033320894
0.03789451
-0.022551134
-0.0361504
-0.018764673
0.0144702075
0.019916067
-0.002984868
0.011876483
0.03971014
0.010533747
-0.02292006
0.0050329054
0.011530727
-0.018170377
0.057232738
0.025411125
0.020614026
-0.0054211915
0.037208397
-0.007840263
0.029326769
0.031800438
-0.013318211
0.0015975703
-0.004142667
-0.007058957
-0.023651911
-0.0026203636
-0.013093138
-0.015549065
-0.0035605568
0.0405991
-0.03572206
-0.03680749
0.0373755
0.049525302
0.010340317
-0.021680161
-0.06870203
-0.051605344
-0.014053868
-0.005368295
0.010085344
-0.0056215567
0.0007434808
0.012454425
-0.012652572
-0.02235775
0.009963145
0.055029072
-0.031177338
-0.0258946
-0.0034399265
0.041587103
-0.0054408987
0.0014606029
-0.057032816
0.029257707
0.019292502
-0.0045728507
0.0006310409
0.018119873
0.02819497
-0.04995241
0.029571384
0.041324224
-0.028974326
0.0559817
-0.021917602
0.045885842
-0.010908659
-0.034120724
-0.019115
0.017587682
0.023357831
0.06461957
-0.0067613516
0.028866405
-0.04570483
-0.01815599
-0.049088433
-0.059066724
-0.034114383
-0.04573517
-0.05966065
0.016135542
0.008462585
0.03275469
0.015272965
0.008737084
0.074638516
-0.01380335
0.061579667
-0.0147935115
-0.0083040735
0.07234414
0.0063198907
0.006963708
0.017436594
0.019197233
0.011913436
0.031346433
0.054074056
0.00028134705
0.0054344223
0.026952535
-0.008091247
-0.039813418
-0.008626664
0.01719211
0.052285813
0.00581809
-0.04736242
0.03702843
0.026248725
-0.026169429
-0.032042485
0.0076774727
-0.011475961
0.06383327
0.0024312513
0.0006926107
-0.054926973
0.005945339
0.036240056
0.003383431
0.018063629
0.024469372
-0.03787804
-0.001397626
0.0015411924
-0.025049992
-0.016857369
-0.026220078
-0.0067002596
0.04948976
0.01065781
-0.0002872588
-0.059158992
-0.015726037
0.014854792
-0.047239408
-0.02961431
0.0071752216
0.09830808
-0.018086083
-0.005906956
-0.0014699687
0.014880805
-0.031123336
0.034167275
-0.014402379
0.017517056
-0.028850472
0.006856458
0.005090382
0.03843448
0.044734105
0.030084897
-0.008542122
-0.022042444
0.030526098
-0.014394382
-0.045653567
0.022218013
0.038816188
-0.03416123
0.0018911181
0.00862814
-0.01668814
0.006801141
0.051299542
-0.035617586
0.022894707
0.01197824
0.009566281
0.024446497
-0.009679334
0.008399721
0.06985814
0.017746761
-0.025641678
-0.025050757
0.009395756
0.018416632
-0.024967417
-0.015125285
-0.04439176
-0.08042107
0.009784168
-0.030407462
-0.0114148455
-0.0063487
0.008782446
0.014487897
-0.043820504
-0.014481679
0.036597174
-0.0017958077
0.041772284
0.02261651
-0.014916379
-0.02243543
0.046798274
0.0019048018
0.026959281
0.024552811
-0.023987712
0.03173231
0.015241337
-0.0024743092
-0.014026498
-0.016149223
-0.028447308
0.03502706
-0.012157656
-0.002058843
0.0071364357
-0.03016349
-0.0062754196
0.01729139
-0.0142968455
-0.038637433
0.016810037
0.036545567
0.06555503
-0.06599273
0.028818607
0.005421034
-0.0053635435
0.0145428525
0.02766679
0.04910925
-0.0013014026
-0.022983158
-0.0008280002
0.042234175
0.012806986
0.00990403
-0.026488956
-0.0067549115
-0.060298678
-0.033190202
-0.00026632063
-0.027229434
-0.025594698
0.007948683
-0.009869124
-0.0023153028
-0.027249867
0.0024211074
0.001916231
0.0042518135
0.011654557
-0.0081491005
-0.009279396
0.00540534
-0.04799366
0.016821628
-0.008110033
-0.009727365
-0.020322343
-0.0064621037
0.024231864
-0.0073496834
-0.078216836
-0.0106237475
0.03742149
0.012279367
0.016067248
0.012286766
0.010111097
0.028351387
0.061885707
0.012340118
0.014938973
0.0535969
-0.0060777175
0.0062864353
0.0020154617
-0.026515555
0.044511527
-0.016362507
-0.057031214
-0.0490463
-0.05544341
0.009765116
0.05061831
-0.02613721
-0.002422915
-0.017686607
0.012911507
-0.01782792
0.0001769681
-0.018224386
-0.008837632
0.011065587
-0.006287229
-0.035264205
0.04047395
0.0038507367
0.0018762235
-0.00327552
0.0012774314
-0.01242566
0.017173842
0.003579403
0.024902653
0.02699537
-0.047907047
0.024028575
0.01035012
0.017459242
0.013920369
0.0005534089
-0.030998178
0.0049801427
0.03142733
0.021166233
-0.0012952003
0.045368534
-0.004296462
0.011454459
0.015840886
-0.00845002
-0.028980495
-0.055174798
0.023902792
-0.0052392846
0.045276396
0.011096034
-0.0055056284
-0.06904675
0.001482732
-0.0077057043
0.03316547
0.01692714
-0.016232835
0.02002379
-0.042289287
-0.0024423383
0.029938845
-0.022111064
-0.04113455
-0.0148385195
0.016135648
0.009877655
-0.019908378
-0.043145496
0.005017248
0.02013581
-0.063147925
0.039519902
-0.003074912
0.005624522
-0.0036879384
-0.009179169
-0.02008624
0.012570093
0.029564697
-0.008733393
-0.007898187
-0.012814817
-0.01508639
0.03790127
-0.019609146
-0.007665673
-0.010774809
-0.044198964
-0.05263694
0.03538928
-0.008306627
0.026744569
-0.04528865
0.021500262
0.03233936
0.046537224
0.020864971
0.043777864
0.017190723
-0.023171613
-0.048344
0.004722304
-0.010594694
-0.020737542
0.029664176
-0.008573006
-0.013825022
-0.039774504
0.015733473
-0.02062515
0.0030737412
0.03342857
0.008859803
0.039747193
0.0019821955
0.050159805
-0.014216648
-0.0014810701
-0.007732404
-0.033191025
-0.012308354
0.04964234
-0.042923633
-0.021413274
-0.028377028
0.011896416
0.023133243
-0.03668988
-0.04405448
-0.017401509
0.031196631
0.03914491
-0.024977384
0.002890792
-0.057494037
0.030116327
-0.017150035
-0.0032371334
0.043050926
0.046455257
0.009158484
-0.026413571
-0.03242848
0.03225952
0.033011522
-0.023582077
0.0133382715
-0.086786024
0.009193709
-0.018609364
0.03248627
-0.007041617
0.00879201
-0.037385426
-0.023130814
0.0006102473
-0.012589769
-0.03222876
-0.010798054
-0.010816169
-0.0057692216
-0.0010679384
0.025231136
0.041577846
0.038726192
0.011413793
-0.013622964
0.011058375
-0.05179743
-0.006913117
-0.0032848646
-0.020464165
-0.03824033
-0.0044085965
0.046966188
0.042713895
-0.04511441
0.041818887
-0.024530826
0.0011895711
-0.013704729
-0.021505464
0.012063692
-0.02874099
0.025822956
0.05961078
0.01896575
-0.0007687382
-0.07328809
0.016823702
0.008663705
0.018152865
0.006044261
0.04229133
-0.024824213
-0.033547975
-0.019648273
0.023852171
-0.041969653
-0.05691043
0.030897014
0.0073781135
0.06380083
0.011347975
-0.011217147
-0.028934998
0.025792392
0.008645395
0.0055338005
-0.0005932694
-0.06519794
0.009559439
-0.0126527725
0.021661129
-0.03347665
0.026656685
-0.066495165
-0.025708709
0.0346448
-0.006592002
0.03094331
0.04086708
0.030799672
0.03150672
0.037075397
0.0073526003
0.032006893
0.0159706
0.0069606164
0.0001548109
0.015235571
0.02714633
0.005530229
-0.0026133226
0.052244313
0.007738686
0.0070360387
0.037920553
0.040742476
0.016577596
0.03213465
0.022450577
0.011407778
0.016566863
-0.045580484
-0.019473104
0.013398261
-0.088755354
0.012957009
-0.004831384
0.030044856
0.010617655
-0.017002106
-0.015498715
0.027681163
-0.022578513
-0.003801646
-0.049585976
-0.005981339
0.038557477
0.026450358
-0.011610398
-0.061856784
-0.0032609229
-0.016052563
0.03686319
-0.010330871
-0.03241633
-0.046319738
0.029422166
0.0030066743
-0.032817353
0.0031341328
0.008631364
0.03005315
0.00013953887
0.02842852
-0.0024605333
-0.023156362
0.015090565
0.027204981
0.043547414
-0.0011204351
0.02683564
-0.019801022
0.00021017775
0.0447943
0.0022650235
-0.009584939
0.043749955
-0.013553909
0.0064331912
0.040702745
-0.005891233
0.019493824
-0.021863017
-0.0414427
0.0051112687
-0.03779485
0.034925796
0.024977839
-0.02031392
0.029639825
-0.010727319
0.0002937242
-0.041147478
0.041019395
0.015974648
-0.016856251
-0.020519422
0.0076852553
-0.027977329
0.04139566
-0.025488986
-0.012552849
0.026668327
0.008934497
0.004789433
-0.043049954
0.010745593
0.01644101
0.027172556
-0.01816058
0.00786236
0.0074862763
-0.0006115269
-0.024409566
-0.066296875
0.0032821698
0.01495596
0.009112613
0.05614815
0.003996197
-0.062241662
0.04917555
-0.0072575
0.0069271806
-0.024595724
-0.010397352
-0.030928122
-0.026819631
0.018789785
-0.047386535
0.0014890213
0.019259222
0.020753162
0.035468496
0.018750777
-0.08527352
0.014829603
0.0054456983
0.012079202
0.038262498
0.0029723418
-0.038547676
-0.0069899624
0.0006609802
-0.052718583
0.037273023
0.005800697
0.02067392
0.039017532
0.053265292
-0.013608187
0.05563743
0.010680543
0.025020247
0.018715635
-0.046674673
-0.04629252
0.022225317
-0.005903197
0.024367277
0.028526517
0.01166464
-0.0044834
0.05894034
-0.03270575
-0.03253273
-0.0071763517
0.008218108
-0.007488649
-0.070534505
0.025086844
-0.05317724
0.009521537
0.020285856
0.049532417
0.011735901
-0.009794953
0.089048505
-0.0918824
0.03195002
0.004351994
0.036154486
-0.028809013
0.00074601214
0.026197696
0.020744668
-0.01522718
0.0319155
0.0036998752
0.039934848
0.009579175
0.030488834
-0.024988554
-0.0114959655
-0.013613733
0.008989449
-0.020140914
0.010049914
-0.003916844
-0.022057012
-0.060907442
-0.04149777
-0.027283257
-0.0054801228
-0.006350523
-0.002876826
0.038974244
0.0183576
-0.003416198
-0.00980558
-0.0015249744
0.064267725
0.013625702
0.0063225855
-0.044828866
-0.034499228
-0.026362937
0.033112008
-0.038494114
-0.005253006
-0.02915216
-0.012323589
-0.043748338
0.027095225
0.003308952
-0.012309943
0.019811636
0.0020719324
-0.007358675
-0.031699784
0.017977938
-0.015873058
-0.02169737
-0.0017386465
0.026381802
0.009842371
-0.03460366
-0.021309549
-0.0018303406
0.025254318
-0.0042248634
-0.022695573
0.043276004
-0.00062768144
0.02177671
-0.002650777
-0.053863853
0.0031957887
0.0037132166
0.014159982
0.009079936
0.003243936
0.065227665
-0.025165314
-0.023460593
0.0019589015
0.012644962
0.07785337
0.028260296
-0.003891228
-0.010742341
-0.011594621
-0.04480888
-0.037762627
0.009452525
-0.05757945
0.034210965
0.031004773
0.01686151
0.0007351772
0.033673182
0.0018760813
0.062750824
-0.025943452
-0.014613169
0.035414223
-0.0031665834
-0.07468496
0.031470906
-0.0107475845
-0.06712104
1.7606428e-05
-0.036290903
0.021897204
-0.02084936
-0.033730753
-0.014643993
0.0108012725
-0.0032418626
-0.025100423
0.047992025
-0.035424095
0.005695895
0.028289333
0.010576532
0.007972855
-0.0052731023
0.004001934
0.033536937
0.025981503
-0.030790564
-0.01323854
-0.07419028
0.02961702
-0.01196154
0.00080515124
-0.010378676
-0.018228365
-0.052316032
0.027719526
-0.0056020734
0.040065326
0.004688151
0.02120091
0.038795505
0.007136185
-0.036662754
-0.039419416
-0.015655097
-0.010966852
0.030331759
0.0575003
0.036027543
-0.009447763
0.0005097985
0.0250295
0.018001502
0.016272495
-0.02657471
-0.010836099
-0.025792837
0.020657863
-0.04426085
-0.02054215
-0.052083537
0.0064392756
-0.04284626
-0.0016010923
0.0012319817
0.01840578
0.01716209
-0.020316904
-0.007441389
0.05125196
-0.0058790175
-0.029137086
-0.05771081
-0.045428723
-0.0028449902
-0.008394774
-0.012210102
-0.014403295
-0.025329435
0.023040399
-0.038796987
0.016463576
0.018891174
0.0053955787
0.016096262
-0.046282563
-0.021945734
-0.05657611
-0.020668868
0.017285291
-0.010198778
-0.0383101
0.032724753
0.07794761
-0.046590716
-0.012739791
-0.007859959
0.014288347
-0.01072587
-0.008704028
0.041581146
-0.030420013
0.025478173
0.021346828
0.0052185394
-0.0062780133
-0.016357023
-0.023881558
0.04665678
0.0055155936
-0.018141901
-0.01770041
-0.019110952
0.004862952
0.017293222
0.025342697
0.033498332
0.03677992
-0.012405402
-0.0362465
-0.008400643
-0.0047328724
-0.007916611
-0.006828746
-0.031916674
-0.020245682
-0.047807287
0.014817199
-0.05564249
-0.004399621
-0.0066931914
0.028100729
0.029359834
-0.009033243
-0.026978541
0.018918406
-0.015337807
0.049708083
-0.01336556
0.048707664
0.04605548
-0.03363995
-0.012725856
-0.008352915
-0.01533752
0.043844458
-0.05232702
-0.01031995
-0.008230436
-0.010870608
0.048062492
0.024412101
-0.010579924
-0.012428483
0.023693893
-0.016970625
-0.024248678
0.05317198
-0.011467128
-0.021737166
0.019565742
0.005965357
0.051007915
-0.044660896
-0.04992989
0.01619257
-0.032597855
0.0043397145
-0.032612372
0.018977527
-0.034390435
-0.010569427
0.021511728
-0.0075720255
0.012358026
-0.024698026
0.014298158
0.002435891
0.0050935564
0.036423407
-0.01472111
-0.019297553
-0.014779348
0.05820424
0.010814065
-0.016594274
-0.024191653
-0.0068460167
0.0039698994
0.015691431
0.010970211
0.04158075
-0.02781668
-0.004665038
0.035823893
-0.044738766
-0.014835534
-0.00027402895
-0.02056171
-0.03247447
0.08043346
0.09250464
-0.020284165
-0.013202055
-0.058711078
-0.04978135
0.028743573
0.053446423
-0.00064675766
-0.015768765
-0.026949318
0.031953104
0.021964854
0.0119256945
0.0130343605
0.036727108
-0.07754172
-0.008741501
-0.07387973
-0.015475629
0.023588184
0.005826057
0.03183376
0.017653143
-0.010532292
0.05935688
0.015374516
-0.009414641
-0.025548184
0.008951251
0.05922295
-0.046630982
0.028089097
-0.04495304
0.025300266
0.00037573779
0.023044623
-0.0507597
0.025748307
0.03647745
0.016574236
-0.03579958
0.015660292
-0.04154314
-0.07686413
-0.030547362
-0.03129577
0.0022496595
-0.025922231
-0.023468073
-0.024889674
-0.016593074
-0.012973151
0.009793364
0.021536445
0.01189459
-0.033661928
0.016144417
-0.009286397
0.00053548487
0.002861953
0.010764895
-0.016727524
-0.039406005
-0.019655416
-0.0094746575
-0.08562485
0.0031823805
-0.024215033
-0.011395544
0.024744157
0.0069127227
-0.042649724
-0.06855714
-0.006162215
-0.042995628
-0.0046833046
-0.042297713
0.028614955
0.017834205
0.0088611925
-0.0021804569
0.0233258
0.009109336
0.028085627
0.03329183
-0.015496286
-0.009935464
0.04734493
0.001038586
0.016188229
-0.00476693
-0.075933225
-0.023295538
-0.023410507
0.039920937
0.015546362
-0.021408934
-0.0044938773
-0.045489784
0.013380815
0.032842096
-0.042629648
0.015338213
0.06682142
0.021455545
-0.004605936
0.0063994364
-0.0009241875
-0.025902513
-0.004803889
-0.014832357
0.06669131
-0.042337812
0.016870808
0.049484063
-0.031946022
-0.021835852
0.010738972
-0.017426666
0.037898757
0.04268005
0.044490185
0.019789847
-0.0025645727
-0.015215199
0.065024465
-0.03569874
-0.04269481
-0.026341986
-0.052701678
0.031230673
-0.0254234
0.012865227
0.0047477474
-0.02868458
0.027269898
0.029643487
-0.016705284
0.0022146301
0.015160697
0.065917484
0.0037529813
-0.020245979
-0.02979798
-0.039179284
0.028858552
0.032444943
-0.01459949
-0.0149341235
0.032679103
-0.004928933
-0.016771559
-0.0005041968
-0.05282163
-0.033691544
0.011738163
0.020936873
0.007855118
0.033995032
-0.049130984
-0.011997616
0.007864623
-0.020726066
-0.05390525
-0.018498886
0.051671617
0.037622575
-0.034301594
0.009097391
0.03299281
0.026248133
-0.026929714
-0.0021466843
-0.013371896
-0.011009421
-0.05530801
-0.007423053
-0.04024813
0.021413457
-0.011479815
-0.024059644
0.06132766
-0.039505593
-0.041875374
0.0075671617
-0.020251086
-0.014582153
0.00507583
-0.014629113
-0.009957951
-0.016184067
-0.016229069
-0.0072236676
-0.02285225
0.015089961
-0.012561302
0.009137533
-0.025033716
0.054219764
0.030154211
-0.037289392
0.00029310212
-0.045734935
-0.017529434
-0.006559051
-0.024133872
0.044565722
-0.008700938
-0.0073489193
0.015905067
0.030393187
0.003500048
-0.021296378
-0.02697975
-0.00030141522
0.010656676
0.017259115
0.032749996
0.0084206285
-0.007489355
0.0034205518
-0.025725387
0.025186619
-0.061434846
0.03985723
0.00921993
-0.026356244
-0.034445476
0.0044384343
-0.041548207
-0.0061733015
0.016672362
0.0047322055
-0.0301751
0.057517152
-0.016132142
-0.103513904
-0.02265434
6.68719e-05
-0.023082118
-0.028213507
-0.059612617
0.057691082
0.0030707065
-0.0087287715
0.007369633
0.00018297783
-0.019669542
0.010004399
0.0077202674
-0.0063313586
0.057281483
0.010418854
-0.022504294
0.012667988
-0.022072991
-0.03141031
0.046678707
0.019617693
0.03833493
-0.035079483
-0.03132708
-0.016614368
0.007413947
-0.028747154
0.035040572
0.04827773
-0.015389406
-0.0003977706
0.04165759
0.016614564
-0.019782927
0.04644508
0.004096944
0.021183405
-0.031802967
0.032959614
-0.023942035
-0.00015055136
-0.004232237
0.0042970204
-0.017783972
-0.066423066
-0.008201567
0.004503184
0.05249663
0.015707275
0.00975714
-0.02029237
-0.022677712
0.008337015
0.010154026
0.007606257
-0.007836995
0.038692985
0.04528902
-0.026736755
-0.040423065
-0.044413984
-0.033750094
-0.018433828
0.017354839
-0.010406336
0.04232438
0.026553238
-0.01853372
-0.003894089
-0.021388384
-0.024843458
0.018651724
-0.001989231
0.020419821
-0.008381002
0.080549344
0.09019554
-0.03927062
0.062179595
-0.054944374
-0.01962253
0.021200985
-0.0010340542
0.005842293
0.033329036
-0.0332847
0.07109712
-0.0005291859
0.012779376
0.02221011
-0.03469518
0.00814665
-0.015751276
-0.008318589
-0.013104301
-0.008196833
-0.03982803
-0.0044942982
-0.03924706
0.034840018
0.0377221
0.009792456
-0.018932102
-0.017894987
0.051420372
0.031884827
0.030922458
0.01727683
0.027483629
0.012493297
0.071118675
0.02441593
0.0057255235
-0.013290795
0.013209644
0.01348651
0.037196778
-0.06176771
0.0043359883
0.024201246
-0.01878318
0.025940059
0.028180687
0.03615985
0.046017095
-0.04795761
0.0072789346
0.005851224
0.048176583
0.005874824
-0.024620038
0.016482564
-0.037177835
0.041726522
-0.021463607
0.02518021
0.024289034
0.02476231
0.024533717
-0.008831414
-0.0077574654
-0.03125154
-0.015838783
0.0074450336
-0.028177034
-0.012794606
0.018125711
0.014005902
0.037526913
0.018824467
-0.021337518
0.037413415
0.02713307
0.022197887
-0.009039931
-0.0151675455
0.009805638
0.04857456
0.0011567331
0.0057065706
0.018947247
0.01010907
-0.01186999
0.006165112
-0.034466248
-0.0034975505
-0.037798677
0.005834951
-0.007384492
-0.026910776
0.014990915
0.03567354
0.004765662
-0.035922304
0.015576464
-0.021543035
0.020288186
0.0017497434
0.029559253
-0.002720991
0.027181674
0.046456657
-0.0260958
0.037774917
0.004714503
-0.01176208
0.008397336
-0.033832397
-0.008116515
0.004182366
0.049173675
0.032363776
0.084456705
0.009332817
-0.0054570534
-0.09096646
0.009262225
0.002019101
0.009198719
0.021300646
-0.017652774
0.0154693965
-0.0710504
-0.030427614
-0.02476194
0.035007864
0.02721177
-0.005422208
0.011035477
-0.011954468
0.0073922104
0.0072795404
0.04970451
-0.04272334
-0.0011981555
-0.031597055
-0.003506636
-0.0324237
0.03419414
0.032733247
-0.057507213
0.03758058
-0.01826427
-0.02289436
-0.016077846
-0.0074935826
-0.044680167
-0.032503903
0.010693184
-0.068099886
-0.019607255
0.017811349
0.06280326
-0.012382392
-0.04091367
0.01460649
-0.042158905
-0.0006318753
-0.012589512
-0.038447626
-0.009856468
-0.009449596
-0.03374472
-0.00046140945
-0.024799991
-0.0077067716
-0.0046955403
0.016449355
0.009340958
0.0042434456
-0.044004112
-0.026676573
0.027985817
0.00063142966
-0.037081964
0.014366835
-0.03056564
0.014130664
0.049331088
0.011553866
0.009701154
0.009448309
0.022725776
0.0077536274
0.03971264
0.056321938
0.0023275036
-0.019838909
-0.003895067
-0.038292132
-0.01874351
-0.029707666
-0.004823994
-0.029669214
-0.00081208104
0.0013431695
-0.007468252
0.023608692
-0.036425926
0.014572166
0.008457762
-0.020372385
0.0022409677
0.04207669
0.060007006
0.0012036769
-0.0032052035
-0.000112710375
-0.018275773
0.032978617
-0.03969687
-0.017358609
-0.035943434
-0.00944565
0.005114185
-0.0045789
0.012317895
-0.0032331534
-0.048789408
-0.032363743
-0.022482218
0.01889324
-0.005987973
-0.010190666
-0.02806856
-0.030184517
